98950 -85.5577 1.21613e-05 -5.52964e-06 -0.00362151 8.45868e-10 
98951 -85.5579 1.2158e-05 -5.52933e-06 -0.00362202 8.46483e-10 
98952 -85.558 1.21547e-05 -5.52901e-06 -0.00362252 8.47098e-10 
98953 -85.5581 1.21515e-05 -5.5287e-06 -0.00362303 8.47711e-10 
98954 -85.5582 1.21483e-05 -5.52838e-06 -0.00362352 8.48324e-10 
98955 -85.5583 1.21452e-05 -5.52807e-06 -0.00362402 8.48936e-10 
98956 -85.5584 1.21421e-05 -5.52776e-06 -0.00362452 8.49548e-10 
98957 -85.5585 1.2139e-05 -5.52745e-06 -0.00362501 8.50158e-10 
98958 -85.5586 1.2136e-05 -5.52714e-06 -0.0036255 8.50768e-10 
98959 -85.5587 1.2133e-05 -5.52684e-06 -0.00362598 8.51377e-10 
98960 -85.5588 1.213e-05 -5.52653e-06 -0.00362647 8.51985e-10 
98961 -85.559 1.21271e-05 -5.52622e-06 -0.00362695 8.52593e-10 
98962 -85.5591 1.21242e-05 -5.52592e-06 -0.00362743 8.532e-10 
98963 -85.5592 1.21213e-05 -5.52561e-06 -0.00362791 8.53806e-10 
98964 -85.5593 1.21185e-05 -5.52531e-06 -0.00362838 8.54411e-10 
98965 -85.5594 1.21157e-05 -5.52501e-06 -0.00362885 8.55015e-10 
98966 -85.5595 1.21129e-05 -5.5247e-06 -0.00362932 8.55619e-10 
98967 -85.5596 1.21102e-05 -5.5244e-06 -0.00362979 8.56222e-10 
98968 -85.5597 1.21075e-05 -5.5241e-06 -0.00363025 8.56824e-10 
98969 -85.5598 1.21048e-05 -5.5238e-06 -0.00363072 8.57426e-10 
98970 -85.5599 1.21021e-05 -5.52351e-06 -0.00363118 8.58026e-10 
98971 -85.56 1.20995e-05 -5.52321e-06 -0.00363163 8.58626e-10 
98972 -85.5601 1.20969e-05 -5.52291e-06 -0.00363209 8.59225e-10 
98973 -85.5602 1.20943e-05 -5.52262e-06 -0.00363254 8.59824e-10 
98974 -85.5603 1.20918e-05 -5.52232e-06 -0.00363299 8.60421e-10 
98975 -85.5604 1.20893e-05 -5.52203e-06 -0.00363344 8.61018e-10 
98976 -85.5605 1.20868e-05 -5.52173e-06 -0.00363388 8.61614e-10 
98977 -85.5606 1.20843e-05 -5.52144e-06 -0.00363433 8.62209e-10 
98978 -85.5607 1.20819e-05 -5.52115e-06 -0.00363477 8.62804e-10 
98979 -85.5608 1.20794e-05 -5.52086e-06 -0.00363521 8.63398e-10 
98980 -85.5609 1.2077e-05 -5.52057e-06 -0.00363564 8.63991e-10 
98981 -85.561 1.20747e-05 -5.52028e-06 -0.00363608 8.64583e-10 
98982 -85.5611 1.20723e-05 -5.51999e-06 -0.00363651 8.65174e-10 
98983 -85.5612 1.207e-05 -5.5197e-06 -0.00363694 8.65765e-10 
98984 -85.5613 1.20677e-05 -5.51942e-06 -0.00363737 8.66355e-10 
98985 -85.5614 1.20654e-05 -5.51913e-06 -0.00363779 8.66944e-10 
98986 -85.5615 1.20631e-05 -5.51885e-06 -0.00363821 8.67532e-10 
98987 -85.5616 1.20609e-05 -5.51856e-06 -0.00363863 8.6812e-10 
98988 -85.5617 1.20587e-05 -5.51828e-06 -0.00363905 8.68707e-10 
98989 -85.5618 1.20565e-05 -5.51799e-06 -0.00363947 8.69293e-10 
98990 -85.5619 1.20543e-05 -5.51771e-06 -0.00363988 8.69878e-10 
98991 -85.562 1.20521e-05 -5.51743e-06 -0.00364029 8.70462e-10 
98992 -85.5621 1.205e-05 -5.51715e-06 -0.0036407 8.71046e-10 
98993 -85.5622 1.20478e-05 -5.51687e-06 -0.00364111 8.71629e-10 
98994 -85.5623 1.20457e-05 -5.51659e-06 -0.00364152 8.72211e-10 
98995 -85.5624 1.20436e-05 -5.51631e-06 -0.00364192 8.72793e-10 
98996 -85.5625 1.20416e-05 -5.51603e-06 -0.00364232 8.73373e-10 
98997 -85.5626 1.20395e-05 -5.51576e-06 -0.00364272 8.73953e-10 
98998 -85.5627 1.20375e-05 -5.51548e-06 -0.00364312 8.74532e-10 
98999 -85.5628 1.20355e-05 -5.5152e-06 -0.00364351 8.7511e-10 
99000 -85.5629 1.20334e-05 -5.51493e-06 -0.00364391 8.75688e-10 
99001 19.5342 0.00551446 -227.179 -2.02635 0.0112314 
99002 41.5129 0.782072 -0.00108565 -4.29826 3.06887 
99003 39.5073 0.940695 -7.69963e-09 -4.85103 3.73465 
99004 37.7839 0.83553 -1.02786e-13 -5.07829 3.57622 
99005 36.6007 0.67803 -2.11633e-18 -4.97194 3.21731 
99006 35.7181 0.531802 -2.87871e-22 -4.37746 2.83681 
99007 33.5746 0.407729 -1.19094e-22 -1.2208 2.44489 
99008 30.2906 0.311515 -7.14539e-22 -1.23702 2.03939 
99009 28.0469 0.246065 -2.75525e-21 -1.62761 1.68817 
99010 26.6013 0.20236 -6.67356e-21 -1.80348 1.40148 
99011 25.6663 0.173299 -1.19134e-20 -1.87176 1.17259 
99012 25.0698 0.154096 -1.73476e-20 -1.8913 0.990895 
99013 24.7044 0.141542 -2.19589e-20 -1.88693 0.846099 
99014 24.4988 0.13347 -2.52081e-20 -1.8697 0.729538 
99015 24.404 0.128413 -2.70257e-20 -1.84517 0.634409 
99016 24.3856 0.125375 -2.76276e-20 -1.81661 0.555573 
99017 24.4195 0.123681 -2.73316e-20 -1.78618 0.489231 
99018 24.4885 0.122873 -2.64428e-20 -1.75546 0.432616 
99019 24.5809 0.122644 -2.52046e-20 -1.7257 0.383717 
99020 24.6885 0.122785 -2.37901e-20 -1.69794 0.341071 
99021 24.8061 0.123157 -2.2311e-20 -1.67322 0.303604 
99022 24.9309 0.123668 -2.08309e-20 -1.65265 0.27051 
99023 25.062 0.124254 -1.93786e-20 -1.63758 0.241176 
99024 25.2004 0.124873 -1.79577e-20 -1.62946 0.215122 
99025 25.3482 0.125494 -1.65589e-20 -1.62858 0.191962 
99026 25.5064 0.126092 -1.51808e-20 -1.63135 0.171365 
99027 25.6704 0.126646 -1.3859e-20 -1.63005 0.153026 
99028 25.8302 0.127144 -1.26607e-20 -1.62053 0.136653 
99029 25.977 0.127592 -1.16365e-20 -1.6054 0.121985 
99030 26.1064 0.128006 -1.07937e-20 -1.58849 0.108816 
99031 26.2178 0.128403 -1.0113e-20 -1.57194 0.0969821 
99032 26.3123 0.128797 -9.56759e-21 -1.55655 0.0863538 
99033 26.3911 0.129198 -9.13304e-21 -1.54254 0.0768194 
99034 26.456 0.129611 -8.78919e-21 -1.52989 0.0682789 
99035 26.5082 0.130039 -8.52014e-21 -1.51852 0.0606407 
99036 26.5491 0.130481 -8.31345e-21 -1.50833 0.0538197 
99037 26.5798 0.130938 -8.15939e-21 -1.49919 0.0477368 
99038 26.6015 0.131409 -8.05027e-21 -1.49102 0.0423188 
99039 26.615 0.13189 -7.98e-21 -1.48372 0.0374984 
99040 26.6213 0.132381 -7.94367e-21 -1.47721 0.0332138 
99041 26.621 0.132878 -7.93731e-21 -1.47141 0.0294086 
99042 26.6149 0.133381 -7.9577e-21 -1.46626 0.0260319 
99043 26.6035 0.133888 -8.00217e-21 -1.46169 0.0230373 
99044 26.5875 0.134396 -8.06853e-21 -1.45765 0.0203831 
99045 26.5674 0.134905 -8.15493e-21 -1.4541 0.0180319 
99046 26.5436 0.135413 -8.25986e-21 -1.45098 0.0159501 
99047 26.5164 0.135919 -8.38202e-21 -1.44825 0.0141075 
99048 26.4864 0.136422 -8.52034e-21 -1.44589 0.0124773 
99049 26.4537 0.136922 -8.67391e-21 -1.44384 0.0110354 
99050 26.4188 0.137417 -8.84198e-21 -1.44209 0.00976048 
99051 26.3818 0.137907 -9.0239e-21 -1.4406 0.00863347 
99052 26.343 0.138392 -9.21917e-21 -1.43934 0.00763745 
99053 26.3027 0.13887 -9.42736e-21 -1.4383 0.00675737 
99054 26.2609 0.139343 -9.64813e-21 -1.43745 0.00597988 
99055 26.2178 0.139809 -9.88123e-21 -1.43677 0.00529314 
99056 26.1736 0.140269 -1.01265e-20 -1.43624 0.00468665 
99057 26.1285 0.140722 -1.03838e-20 -1.43585 0.0041511 
99058 26.0824 0.141169 -1.06531e-20 -1.43558 0.00367826 
99059 26.0356 0.141609 -1.09343e-20 -1.43542 0.00326083 
99060 25.988 0.142043 -1.12277e-20 -1.43535 0.00289236 
99061 25.9397 0.14247 -1.15333e-20 -1.43535 0.00256714 
99062 25.8909 0.142891 -1.18513e-20 -1.43544 0.00228013 
99063 25.8415 0.143307 -1.21819e-20 -1.43558 0.00202686 
99064 25.7915 0.143716 -1.25254e-20 -1.43577 0.00180338 
99065 25.7411 0.14412 -1.28823e-20 -1.43601 0.00160622 
99066 25.6902 0.144519 -1.32528e-20 -1.43628 0.0014323 
99067 25.6388 0.144912 -1.36375e-20 -1.43658 0.00127888 
99068 25.587 0.145301 -1.40369e-20 -1.4369 0.00114358 
99069 25.5348 0.145685 -1.44514e-20 -1.43724 0.00102427 
99070 25.4821 0.146065 -1.48819e-20 -1.4376 0.000919069 
99071 25.429 0.146441 -1.53288e-20 -1.43796 0.000826334 
99072 25.3754 0.146813 -1.57931e-20 -1.43832 0.0007446 
99073 25.3214 0.147182 -1.62754e-20 -1.43868 0.000672578 
99074 25.267 0.147548 -1.67766e-20 -1.43904 0.00060913 
99075 25.2121 0.147911 -1.72976e-20 -1.43939 0.000553251 
99076 25.1567 0.148272 -1.78395e-20 -1.43973 0.000504054 
99077 25.1008 0.148631 -1.84033e-20 -1.44006 0.000460756 
99078 25.0444 0.148988 -1.89901e-20 -1.44037 0.000422667 
99079 24.9876 0.149343 -1.9601e-20 -1.44067 0.000389176 
99080 24.9302 0.149697 -2.02374e-20 -1.44094 0.000359745 
99081 24.8722 0.150049 -2.09007e-20 -1.4412 0.000333899 
99082 24.8138 0.150401 -2.15922e-20 -1.44143 0.00031122 
99083 24.7547 0.150753 -2.23134e-20 -1.44163 0.000291336 
99084 24.6951 0.151104 -2.30661e-20 -1.44182 0.000273923 
99085 24.6349 0.151455 -2.38518e-20 -1.44197 0.00025869 
99086 24.5741 0.151807 -2.46725e-20 -1.4421 0.000245385 
99087 24.5127 0.152159 -2.55301e-20 -1.4422 0.000233783 
99088 24.4506 0.152511 -2.64265e-20 -1.44227 0.000223686 
99089 24.388 0.152865 -2.7364e-20 -1.44232 0.000214919 
99090 24.3246 0.153219 -2.83448e-20 -1.44233 0.000207328 
99091 24.2607 0.153575 -2.93715e-20 -1.44232 0.000200777 
99092 24.196 0.153932 -3.04466e-20 -1.44227 0.000195147 
99093 24.1307 0.154291 -3.15727e-20 -1.44219 0.000190331 
99094 24.0647 0.154651 -3.2753e-20 -1.44208 0.000186235 
99095 23.998 0.155014 -3.39904e-20 -1.44194 0.000182779 
99096 23.9306 0.155378 -3.52882e-20 -1.44177 0.000179888 
99097 23.8625 0.155745 -3.66499e-20 -1.44157 0.000177499 
99098 23.7936 0.156114 -3.80792e-20 -1.44134 0.000175555 
99099 23.7241 0.156486 -3.95801e-20 -1.44107 0.000174007 
99100 23.6538 0.156861 -4.11568e-20 -1.44078 0.000172811 
99101 23.5828 0.157238 -4.28137e-20 -1.44045 0.000171927 
99102 23.511 0.157619 -4.45555e-20 -1.44009 0.000171322 
99103 23.4385 0.158002 -4.63874e-20 -1.4397 0.000170966 
99104 23.3652 0.158389 -4.83146e-20 -1.43928 0.000170832 
99105 23.2912 0.158779 -5.0343e-20 -1.43883 0.000170896 
99106 23.2164 0.159172 -5.24786e-20 -1.43835 0.000171139 
99107 23.1409 0.159569 -5.47279e-20 -1.43784 0.000171541 
99108 23.0645 0.159969 -5.70979e-20 -1.4373 0.000172087 
99109 22.9875 0.160374 -5.9596e-20 -1.43673 0.000172763 
99110 22.9096 0.160782 -6.22301e-20 -1.43613 0.000173557 
99111 22.8309 0.161194 -6.50086e-20 -1.4355 0.000174457 
99112 22.7515 0.161609 -6.79406e-20 -1.43484 0.000175454 
99113 22.6713 0.162029 -7.10357e-20 -1.43415 0.000176539 
99114 22.5902 0.162454 -7.43043e-20 -1.43344 0.000177706 
99115 22.5084 0.162882 -7.77573e-20 -1.43269 0.000178948 
99116 22.4258 0.163315 -8.14067e-20 -1.43192 0.000180258 
99117 22.3424 0.163752 -8.52649e-20 -1.43112 0.000181632 
99118 22.2582 0.164193 -8.93457e-20 -1.4303 0.000183065 
99119 22.1732 0.164639 -9.36634e-20 -1.42944 0.000184554 
99120 22.0873 0.16509 -9.82338e-20 -1.42856 0.000186095 
99121 22.0007 0.165546 -1.03073e-19 -1.42766 0.000187686 
99122 21.9132 0.166006 -1.082e-19 -1.42672 0.000189323 
99123 21.8249 0.166471 -1.13633e-19 -1.42577 0.000191004 
99124 21.7358 0.166941 -1.19394e-19 -1.42478 0.000192727 
99125 21.6458 0.167416 -1.25504e-19 -1.42377 0.000194491 
99126 21.5551 0.167896 -1.31986e-19 -1.42274 0.000196294 
99127 21.4634 0.168381 -1.38868e-19 -1.42168 0.000198135 
99128 21.371 0.168872 -1.46177e-19 -1.4206 0.000200013 
99129 21.2777 0.169368 -1.53942e-19 -1.4195 0.000201925 
99130 21.1835 0.169869 -1.62195e-19 -1.41837 0.000203873 
99131 21.0885 0.170375 -1.70971e-19 -1.41722 0.000205855 
99132 20.9926 0.170887 -1.80308e-19 -1.41604 0.000207869 
99133 20.8958 0.171405 -1.90246e-19 -1.41485 0.000209917 
99134 20.7982 0.171928 -2.00828e-19 -1.41363 0.000211996 
99135 20.6997 0.172458 -2.12101e-19 -1.41239 0.000214108 
99136 20.6003 0.172993 -2.24116e-19 -1.41112 0.00021625 
99137 20.5 0.173534 -2.36928e-19 -1.40984 0.000218424 
99138 20.3988 0.174081 -2.50596e-19 -1.40854 0.000220629 
99139 20.2966 0.174634 -2.65185e-19 -1.40721 0.000222864 
99140 20.1936 0.175193 -2.80765e-19 -1.40587 0.000225129 
99141 20.0897 0.175759 -2.97411e-19 -1.4045 0.000227425 
99142 19.9848 0.176331 -3.15206e-19 -1.40311 0.000229751 
99143 19.8789 0.176909 -3.34238e-19 -1.40171 0.000232106 
99144 19.7721 0.177494 -3.54604e-19 -1.40028 0.000234491 
99145 19.6644 0.178086 -3.7641e-19 -1.39884 0.000236906 
99146 19.5556 0.178685 -3.99769e-19 -1.39738 0.00023935 
99147 19.4459 0.17929 -4.24807e-19 -1.3959 0.000241823 
99148 19.3352 0.179903 -4.51658e-19 -1.3944 0.000244326 
99149 19.2235 0.180522 -4.80472e-19 -1.39288 0.000246858 
99150 19.1107 0.181149 -5.11408e-19 -1.39134 0.000249418 
99151 18.997 0.181783 -5.44643e-19 -1.38979 0.000252008 
99152 18.8821 0.182425 -5.80369e-19 -1.38822 0.000254627 
99153 18.7663 0.183075 -6.18796e-19 -1.38663 0.000257274 
99154 18.6493 0.183732 -6.60153e-19 -1.38502 0.00025995 
99155 18.5313 0.184397 -7.04692e-19 -1.3834 0.000262654 
99156 18.4121 0.18507 -7.52689e-19 -1.38175 0.000265386 
99157 18.2919 0.185752 -8.04444e-19 -1.3801 0.000268147 
99158 18.1705 0.186441 -8.6029e-19 -1.37842 0.000270936 
99159 18.0479 0.18714 -9.2059e-19 -1.37673 0.000273752 
99160 17.9242 0.187847 -9.85743e-19 -1.37502 0.000276596 
99161 17.7993 0.188562 -1.05619e-18 -1.37329 0.000279468 
99162 17.6732 0.189287 -1.13241e-18 -1.37155 0.000282366 
99163 17.5459 0.190021 -1.21494e-18 -1.36979 0.000285292 
99164 17.4173 0.190765 -1.30437e-18 -1.36802 0.000288244 
99165 17.2874 0.191517 -1.40135e-18 -1.36623 0.000291223 
99166 17.1563 0.19228 -1.50658e-18 -1.36442 0.000294228 
99167 17.0239 0.193053 -1.62087e-18 -1.36259 0.000297258 
99168 16.8901 0.193835 -1.74509e-18 -1.36075 0.000300314 
99169 16.755 0.194629 -1.88021e-18 -1.35889 0.000303395 
99170 16.6185 0.195432 -2.02731e-18 -1.35701 0.000306501 
99171 16.4806 0.196247 -2.18758e-18 -1.35512 0.000309631 
99172 16.3412 0.197072 -2.36235e-18 -1.3532 0.000312786 
99173 16.2004 0.197909 -2.5531e-18 -1.35127 0.000315963 
99174 16.0582 0.198758 -2.76146e-18 -1.34933 0.000319163 
99175 15.9144 0.199618 -2.98927e-18 -1.34736 0.000322386 
99176 15.769 0.20049 -3.23858e-18 -1.34537 0.000325631 
99177 15.6221 0.201375 -3.51166e-18 -1.34337 0.000328897 
99178 15.4736 0.202272 -3.81107e-18 -1.34135 0.000332183 
99179 15.3235 0.203183 -4.13965e-18 -1.3393 0.000335489 
99180 15.1717 0.204106 -4.50062e-18 -1.33724 0.000338815 
99181 15.0182 0.205043 -4.89756e-18 -1.33515 0.000342159 
99182 14.863 0.205994 -5.33451e-18 -1.33305 0.000345522 
99183 14.706 0.20696 -5.81599e-18 -1.33092 0.000348901 
99184 14.5471 0.207939 -6.34713e-18 -1.32877 0.000352296 
99185 14.3865 0.208934 -6.93367e-18 -1.3266 0.000355706 
99186 14.2239 0.209944 -7.58213e-18 -1.3244 0.000359131 
99187 14.0594 0.21097 -8.29984e-18 -1.32218 0.000362569 
99188 13.893 0.212012 -9.09514e-18 -1.31993 0.00036602 
99189 13.7245 0.21307 -9.97745e-18 -1.31765 0.000369481 
99190 13.554 0.214146 -1.09575e-17 -1.31535 0.000372953 
99191 13.3813 0.215239 -1.20474e-17 -1.31302 0.000376433 
99192 13.2065 0.216349 -1.32611e-17 -1.31066 0.000379922 
99193 13.0295 0.217478 -1.46142e-17 -1.30827 0.000383416 
99194 12.8503 0.218626 -1.6125e-17 -1.30585 0.000386915 
99195 12.6687 0.219793 -1.78139e-17 -1.30339 0.000390418 
99196 12.4848 0.220981 -1.97047e-17 -1.3009 0.000393923 
99197 12.2985 0.222188 -2.18243e-17 -1.29837 0.000397429 
99198 12.1097 0.223417 -2.4204e-17 -1.29581 0.000400933 
99199 11.9183 0.224667 -2.68795e-17 -1.29321 0.000404434 
99200 11.7244 0.225939 -2.98921e-17 -1.29056 0.00040793 
99201 11.5278 0.227234 -3.32896e-17 -1.28788 0.00041142 
99202 11.3285 0.228553 -3.71271e-17 -1.28515 0.000414901 
99203 11.1264 0.229896 -4.14686e-17 -1.28237 0.000418371 
99204 10.9215 0.231264 -4.63883e-17 -1.27955 0.000421829 
99205 10.7136 0.232657 -5.19727e-17 -1.27667 0.000425271 
99206 10.5027 0.234077 -5.83223e-17 -1.27374 0.000428696 
99207 10.2888 0.235524 -6.55549e-17 -1.27076 0.000432101 
99208 10.0717 0.237 -7.38078e-17 -1.26772 0.000435483 
99209 9.85131 0.238504 -8.32425e-17 -1.26463 0.00043884 
99210 9.62765 0.240037 -9.40484e-17 -1.26147 0.000442169 
99211 9.4006 0.241602 -1.06449e-16 -1.25825 0.000445467 
99212 9.17006 0.243198 -1.20707e-16 -1.25496 0.00044873 
99213 8.93594 0.244827 -1.37133e-16 -1.2516 0.000451957 
99214 8.69815 0.24649 -1.56097e-16 -1.24817 0.000455142 
99215 8.4566 0.248187 -1.78037e-16 -1.24467 0.000458283 
99216 8.2112 0.24992 -2.03475e-16 -1.24109 0.000461376 
99217 7.96183 0.25169 -2.33032e-16 -1.23743 0.000464417 
99218 7.70841 0.253499 -2.67453e-16 -1.23368 0.000467402 
99219 7.45083 0.255347 -3.0763e-16 -1.22986 0.000470328 
99220 7.18898 0.257235 -3.54637e-16 -1.22594 0.000473188 
99221 6.92275 0.259166 -4.09766e-16 -1.22194 0.00047598 
99222 6.65204 0.26114 -4.74578e-16 -1.21784 0.000478697 
99223 6.37672 0.263159 -5.50966e-16 -1.21365 0.000481336 
99224 6.0967 0.265225 -6.41225e-16 -1.20937 0.000483891 
99225 5.81185 0.267338 -7.48152e-16 -1.20498 0.000486356 
99226 5.52205 0.269501 -8.75163e-16 -1.20049 0.000488727 
99227 5.22719 0.271715 -1.02644e-15 -1.1959 0.000490997 
99228 4.92715 0.273982 -1.2071e-15 -1.19121 0.00049316 
99229 4.6218 0.276303 -1.42348e-15 -1.18641 0.000495211 
99230 4.31102 0.278681 -1.68337e-15 -1.18151 0.000497142 
99231 3.9947 0.281117 -1.99643e-15 -1.17649 0.000498948 
99232 3.6727 0.283612 -2.37465e-15 -1.17137 0.000500622 
99233 3.3449 0.28617 -2.83297e-15 -1.16613 0.000502156 
99234 3.01117 0.288793 -3.39006e-15 -1.16078 0.000503544 
99235 2.6714 0.291481 -4.06932e-15 -1.15531 0.000504779 
99236 2.32544 0.294237 -4.90015e-15 -1.14973 0.000505853 
99237 1.97316 0.297064 -5.91968e-15 -1.14402 0.000506759 
99238 1.61443 0.299964 -7.17486e-15 -1.13818 0.00050749 
99239 1.24911 0.302939 -8.72535e-15 -1.13221 0.000508037 
99240 0.877047 0.305991 -1.06472e-14 -1.12609 0.000508394 
99241 0.498086 0.309124 -1.30375e-14 -1.11982 0.000508553 
99242 0.11206 0.312339 -1.60213e-14 -1.11338 0.000508506 
99243 -0.281213 0.315639 -1.97595e-14 -1.10676 0.000508246 
99244 -0.68193 0.319028 -2.44605e-14 -1.09993 0.000507765 
99245 -1.09031 0.322507 -3.03951e-14 -1.09287 0.000507056 
99246 -1.50659 0.326082 -3.79171e-14 -1.08556 0.000506113 
99247 -1.93105 0.329754 -4.74907e-14 -1.07795 0.000504927 
99248 -2.36398 0.333527 -5.97278e-14 -1.07002 0.000503492 
99249 -2.80573 0.337406 -7.54398e-14 -1.06172 0.000501801 
99250 -3.25667 0.341394 -9.57077e-14 -1.05299 0.000499849 
99251 -3.71724 0.345497 -1.21981e-13 -1.0438 0.00049763 
99252 -4.1879 0.349719 -1.56215e-13 -1.03407 0.000495139 
99253 -4.6692 0.354065 -2.01062e-13 -1.02375 0.00049237 
99254 -5.16173 0.358543 -2.60148e-13 -1.01277 0.00048932 
99255 -5.66614 0.363159 -3.38462e-13 -1.00105 0.000485986 
99256 -6.18316 0.367919 -4.42921e-13 -0.988533 0.000482366 
99257 -6.71357 0.372833 -5.83186e-13 -0.975126 0.000478458 
99258 -7.25826 0.377909 -7.72865e-13 -0.960752 0.000474263 
99259 -7.81815 0.383157 -1.03128e-12 -0.945328 0.000469782 
99260 -8.39427 0.388588 -1.38613e-12 -0.928773 0.000465018 
99261 -8.9877 0.394213 -1.87745e-12 -0.911004 0.000459977 
99262 -9.59963 0.400046 -2.56368e-12 -0.891943 0.000454665 
99263 -10.2313 0.4061 -3.53096e-12 -0.871516 0.00044909 
99264 -10.884 0.412391 -4.90758e-12 -0.849656 0.000443265 
99265 -11.5591 0.418935 -6.88653e-12 -0.826306 0.000437201 
99266 -12.2581 0.425749 -9.7613e-12 -0.801423 0.000430913 
99267 -12.9823 0.432853 -1.39831e-11 -0.774982 0.000424418 
99268 -13.7334 0.440266 -2.02531e-11 -0.746978 0.000417733 
99269 -14.5127 0.448009 -2.96734e-11 -0.717432 0.000410875 
99270 -15.3218 0.456104 -4.39952e-11 -0.686396 0.000403862 
99271 -16.1621 0.464575 -6.60323e-11 -0.653957 0.000396706 
99272 -17.035 0.473444 -1.00355e-10 -0.620237 0.000389419 
99273 -17.9419 0.482735 -1.54462e-10 -0.5854 0.000382003 
99274 -18.8838 0.492472 -2.40789e-10 -0.54965 0.000374451 
99275 -19.8618 0.502676 -3.8014e-10 -0.51323 0.000366742 
99276 -20.8768 0.51337 -6.07636e-10 -0.476419 0.00035884 
99277 -21.9296 0.524573 -9.8301e-10 -0.439526 0.000350688 
99278 -23.0206 0.536303 -1.60852e-09 -0.402878 0.00034221 
99279 -24.1503 0.548571 -2.66014e-09 -0.366814 0.000333308 
99280 -25.319 0.561387 -4.44173e-09 -0.331671 0.000323868 
99281 -26.5268 0.574753 -7.47891e-09 -0.297768 0.000313769 
99282 -27.774 0.588666 -1.26805e-08 -0.265398 0.000302896 
99283 -29.0607 0.603114 -2.16136e-08 -0.234815 0.000291159 
99284 -30.3874 0.618076 -3.69646e-08 -0.206226 0.000278505 
99285 -31.7546 0.633519 -6.32982e-08 -0.179783 0.000264939 
99286 -33.1634 0.649399 -1.08269e-07 -0.155582 0.000250527 
99287 -34.615 0.665655 -1.84482e-07 -0.133665 0.000235394 
99288 -36.1117 0.682209 -3.1218e-07 -0.114024 0.000219712 
99289 -37.656 0.698963 -5.22773e-07 -0.0966032 0.000203682 
99290 -39.2514 0.715789 -8.62707e-07 -0.0813123 0.000187516 
99291 -40.9021 0.732527 -1.37705e-06 -0.0680326 0.000171418 
99292 -42.6134 0.748976 -2.06514e-06 -0.0566267 0.000155573 
99293 -44.3911 0.764877 -2.96763e-06 -0.0469453 0.000140137 
99294 -46.2419 0.7799 -4.09619e-06 -0.0388306 0.000125239 
99295 -48.1723 0.793625 -5.40482e-06 -0.0321124 0.00011098 
99296 -50.1886 0.805516 -6.75732e-06 -0.0265949 9.74395e-05 
99297 -52.2952 0.814896 -7.90714e-06 -0.0220478 8.46786e-05 
99298 -54.4932 0.820928 -8.5316e-06 -0.0182279 7.27499e-05 
99299 -56.7773 0.822617 -8.36051e-06 -0.0149427 6.17026e-05 
99300 -59.133 0.818842 -7.36399e-06 -0.0120955 5.15874e-05 
99301 -61.5341 0.808459 -5.83795e-06 -0.0096637 4.24565e-05 
99302 -63.9415 0.79047 -4.24449e-06 -0.00764656 3.43583e-05 
99303 -66.3057 0.764265 -2.93273e-06 -0.00602908 2.73259e-05 
99304 -68.5731 0.729877 -2.01245e-06 -0.00477269 2.13631e-05 
99305 -70.6941 0.688157 -1.42782e-06 -0.00382188 1.6434e-05 
99306 -72.6303 0.640758 -1.07596e-06 -0.00311557 1.24615e-05 
99307 -74.3591 0.589906 -8.70228e-07 -0.00259669 9.33586e-06 
99308 -75.8736 0.538003 -7.53177e-07 -0.00221731 6.92827e-06 
99309 -77.1802 0.487233 -6.90257e-07 -0.00193999 5.10677e-06 
99310 -78.2941 0.439285 -6.61506e-07 -0.00173682 3.74821e-06 
99311 -79.2357 0.395255 -6.5557e-07 -0.00158754 2.74568e-06 
99312 -80.027 0.355692 -6.66011e-07 -0.00147765 2.01128e-06 
99313 -80.6897 0.320718 -6.89144e-07 -0.00139685 1.47567e-06 
99314 -81.2433 0.290168 -7.22805e-07 -0.00133777 1.08583e-06 
99315 -81.7052 0.263706 -7.65666e-07 -0.00129514 8.02085e-07 
99316 -82.0904 0.240915 -8.1686e-07 -0.00126511 5.95208e-07 
99317 -82.4115 0.221348 -8.75754e-07 -0.00124485 4.43925e-07 
99318 -82.6794 0.204573 -9.41824e-07 -0.00123224 3.32847e-07 
99319 -82.903 0.190185 -1.01458e-06 -0.00122568 2.50895e-07 
99320 -83.0898 0.17782 -1.09352e-06 -0.00122393 1.90108e-07 
99321 -83.2461 0.167156 -1.17811e-06 -0.001226 1.44766e-07 
99322 -83.3773 0.157917 -1.26776e-06 -0.00123114 1.10752e-07 
99323 -83.4876 0.149866 -1.36188e-06 -0.00123872 8.50949e-08 
99324 -83.5808 0.142801 -1.45983e-06 -0.00124824 6.56384e-08 
99325 -83.6598 0.136555 -1.56094e-06 -0.0012593 5.08118e-08 
99326 -83.7272 0.130989 -1.66458e-06 -0.00127157 3.94631e-08 
99327 -83.785 0.125988 -1.77009e-06 -0.00128478 3.07419e-08 
99328 -83.8349 0.121455 -1.87688e-06 -0.00129871 2.40168e-08 
99329 -83.8783 0.117315 -1.98436e-06 -0.00131319 1.88152e-08 
99330 -83.9164 0.113503 -2.09201e-06 -0.00132805 1.47819e-08 
99331 -83.9502 0.109967 -2.19934e-06 -0.00134319 1.16477e-08 
99332 -83.9802 0.106665 -2.30593e-06 -0.0013585 9.2079e-09 
99333 -84.0074 0.103563 -2.4114e-06 -0.00137391 7.30591e-09 
99334 -84.032 0.100631 -2.51541e-06 -0.00138935 5.82148e-09 
99335 -84.0546 0.0978487 -2.6177e-06 -0.00140478 4.66187e-09 
99336 -84.0755 0.0951955 -2.71804e-06 -0.00142014 3.75539e-09 
99337 -84.095 0.0926567 -2.81625e-06 -0.00143541 3.04643e-09 
99338 -84.1134 0.0902196 -2.91217e-06 -0.00145056 2.49175e-09 
99339 -84.1308 0.0878739 -3.0057e-06 -0.00146558 2.05771e-09 
99340 -84.1473 0.085611 -3.09677e-06 -0.00148044 1.71804e-09 
99341 -84.1632 0.0834239 -3.18532e-06 -0.00149513 1.45225e-09 
99342 -84.1785 0.0813065 -3.27133e-06 -0.00150966 1.24429e-09 
99343 -84.1932 0.079254 -3.35478e-06 -0.00152401 1.08165e-09 
99344 -84.2076 0.077262 -3.4357e-06 -0.00153818 9.54492e-10 
99345 -84.2215 0.0753271 -3.5141e-06 -0.00155217 8.55139e-10 
99346 -84.2352 0.073446 -3.59002e-06 -0.00156597 7.77565e-10 
99347 -84.2486 0.0716162 -3.66352e-06 -0.0015796 7.17052e-10 
99348 -84.2617 0.0698354 -3.73463e-06 -0.00159304 6.699e-10 
99349 -84.2746 0.0681014 -3.80342e-06 -0.00160631 6.3321e-10 
99350 -84.2873 0.0664125 -3.86995e-06 -0.00161941 6.0471e-10 
99351 -84.2998 0.064767 -3.93428e-06 -0.00163233 5.82619e-10 
99352 -84.3121 0.0631634 -3.9965e-06 -0.00164509 5.6554e-10 
99353 -84.3243 0.0616003 -4.05665e-06 -0.00165768 5.52381e-10 
99354 -84.3364 0.0600765 -4.11481e-06 -0.00167012 5.42285e-10 
99355 -84.3483 0.0585909 -4.17105e-06 -0.0016824 5.34579e-10 
99356 -84.36 0.0571422 -4.22543e-06 -0.00169453 5.28739e-10 
99357 -84.3717 0.0557296 -4.27803e-06 -0.00170651 5.24352e-10 
99358 -84.3832 0.054352 -4.32889e-06 -0.00171835 5.21097e-10 
99359 -84.3946 0.0530084 -4.3781e-06 -0.00173005 5.18721e-10 
99360 -84.4059 0.0516981 -4.4257e-06 -0.00174161 5.17027e-10 
99361 -84.4171 0.0504201 -4.47175e-06 -0.00175304 5.15862e-10 
99362 -84.4282 0.0491737 -4.51632e-06 -0.00176435 5.15103e-10 
99363 -84.4392 0.0479581 -4.55946e-06 -0.00177553 5.14658e-10 
99364 -84.45 0.0467724 -4.60121e-06 -0.00178659 5.14453e-10 
99365 -84.4608 0.0456159 -4.64163e-06 -0.00179753 5.1443e-10 
99366 -84.4715 0.044488 -4.68077e-06 -0.00180836 5.14545e-10 
99367 -84.4821 0.043388 -4.71868e-06 -0.00181907 5.14764e-10 
99368 -84.4925 0.042315 -4.75539e-06 -0.00182968 5.15058e-10 
99369 -84.5029 0.0412686 -4.79096e-06 -0.00184018 5.15407e-10 
99370 -84.5132 0.0402481 -4.82541e-06 -0.00185059 5.15795e-10 
99371 -84.5234 0.0392527 -4.8588e-06 -0.00186089 5.1621e-10 
99372 -84.5335 0.038282 -4.89115e-06 -0.00187109 5.16641e-10 
99373 -84.5434 0.0373354 -4.92251e-06 -0.0018812 5.17081e-10 
99374 -84.5533 0.0364121 -4.95291e-06 -0.00189122 5.17526e-10 
99375 -84.5631 0.0355117 -4.98237e-06 -0.00190115 5.17969e-10 
99376 -84.5729 0.0346337 -5.01094e-06 -0.00191099 5.18409e-10 
99377 -84.5825 0.0337774 -5.03864e-06 -0.00192075 5.18843e-10 
99378 -84.592 0.0329424 -5.0655e-06 -0.00193042 5.19269e-10 
99379 -84.6014 0.0321281 -5.09155e-06 -0.00194002 5.19686e-10 
99380 -84.6108 0.031334 -5.11682e-06 -0.00194953 5.20093e-10 
99381 -84.62 0.0305597 -5.14132e-06 -0.00195896 5.20489e-10 
99382 -84.6292 0.0298046 -5.16509e-06 -0.00196832 5.20875e-10 
99383 -84.6383 0.0290683 -5.18815e-06 -0.00197761 5.21251e-10 
99384 -84.6473 0.0283503 -5.21052e-06 -0.00198682 5.21615e-10 
99385 -84.6562 0.0276502 -5.23222e-06 -0.00199596 5.21969e-10 
99386 -84.665 0.0269675 -5.25328e-06 -0.00200503 5.22312e-10 
99387 -84.6737 0.0263018 -5.27371e-06 -0.00201404 5.22646e-10 
99388 -84.6824 0.0256527 -5.29353e-06 -0.00202297 5.22969e-10 
99389 -84.6909 0.0250198 -5.31276e-06 -0.00203185 5.23283e-10 
99390 -84.6994 0.0244027 -5.33143e-06 -0.00204065 5.23588e-10 
99391 -84.7078 0.0238009 -5.34954e-06 -0.0020494 5.23884e-10 
99392 -84.7161 0.0232142 -5.36711e-06 -0.00205808 5.24172e-10 
99393 -84.7243 0.0226421 -5.38417e-06 -0.0020667 5.24452e-10 
99394 -84.7324 0.0220843 -5.40072e-06 -0.00207527 5.24724e-10 
99395 -84.7405 0.0215404 -5.41678e-06 -0.00208377 5.24989e-10 
99396 -84.7485 0.0210101 -5.43236e-06 -0.00209222 5.25247e-10 
99397 -84.7563 0.020493 -5.44749e-06 -0.00210061 5.25498e-10 
99398 -84.7642 0.0199889 -5.46216e-06 -0.00210894 5.25744e-10 
99399 -84.7719 0.0194973 -5.47641e-06 -0.00211722 5.25983e-10 
99400 -84.7795 0.019018 -5.49022e-06 -0.00212545 5.26218e-10 
99401 -84.7871 0.0185506 -5.50363e-06 -0.00213362 5.26447e-10 
99402 -84.7946 0.018095 -5.51665e-06 -0.00214174 5.26671e-10 
99403 -84.802 0.0176507 -5.52927e-06 -0.00214981 5.26891e-10 
99404 -84.8094 0.0172175 -5.54152e-06 -0.00215783 5.27107e-10 
99405 -84.8167 0.0167951 -5.55341e-06 -0.0021658 5.27319e-10 
99406 -84.8238 0.0163832 -5.56494e-06 -0.00217372 5.27527e-10 
99407 -84.831 0.0159817 -5.57612e-06 -0.00218159 5.27733e-10 
99408 -84.838 0.0155901 -5.58697e-06 -0.00218942 5.27935e-10 
99409 -84.845 0.0152084 -5.5975e-06 -0.00219719 5.28134e-10 
99410 -84.8519 0.0148361 -5.60771e-06 -0.00220492 5.28332e-10 
99411 -84.8587 0.0144732 -5.61761e-06 -0.0022126 5.28526e-10 
99412 -84.8655 0.0141193 -5.62722e-06 -0.00222024 5.28719e-10 
99413 -84.8722 0.0137742 -5.63653e-06 -0.00222783 5.28911e-10 
99414 -84.8788 0.0134377 -5.64556e-06 -0.00223538 5.291e-10 
99415 -84.8853 0.0131097 -5.65432e-06 -0.00224289 5.29289e-10 
99416 -84.8918 0.0127898 -5.66281e-06 -0.00225035 5.29476e-10 
99417 -84.8982 0.0124778 -5.67104e-06 -0.00225777 5.29663e-10 
99418 -84.9046 0.0121737 -5.67902e-06 -0.00226514 5.29849e-10 
99419 -84.9108 0.0118771 -5.68675e-06 -0.00227248 5.30034e-10 
99420 -84.9171 0.0115879 -5.69424e-06 -0.00227977 5.3022e-10 
99421 -84.9232 0.0113058 -5.7015e-06 -0.00228702 5.30405e-10 
99422 -84.9293 0.0110308 -5.70854e-06 -0.00229423 5.3059e-10 
99423 -84.9353 0.0107627 -5.71535e-06 -0.0023014 5.30775e-10 
99424 -84.9413 0.0105012 -5.72195e-06 -0.00230853 5.30961e-10 
99425 -84.9472 0.0102462 -5.72835e-06 -0.00231562 5.31147e-10 
99426 -84.953 0.00999755 -5.73454e-06 -0.00232267 5.31334e-10 
99427 -84.9588 0.00975506 -5.74053e-06 -0.00232968 5.31521e-10 
99428 -84.9645 0.0095186 -5.74633e-06 -0.00233666 5.3171e-10 
99429 -84.9701 0.009288 -5.75194e-06 -0.00234359 5.319e-10 
99430 -84.9757 0.00906312 -5.75738e-06 -0.00235049 5.32091e-10 
99431 -84.9812 0.00884382 -5.76263e-06 -0.00235735 5.32283e-10 
99432 -84.9867 0.00862995 -5.76771e-06 -0.00236418 5.32477e-10 
99433 -84.9921 0.00842138 -5.77263e-06 -0.00237096 5.32672e-10 
99434 -84.9975 0.00821797 -5.77738e-06 -0.00237771 5.32869e-10 
99435 -85.0028 0.0080196 -5.78197e-06 -0.00238443 5.33067e-10 
99436 -85.008 0.00782613 -5.78641e-06 -0.00239111 5.33268e-10 
99437 -85.0132 0.00763744 -5.7907e-06 -0.00239775 5.3347e-10 
99438 -85.0184 0.00745342 -5.79484e-06 -0.00240436 5.33674e-10 
99439 -85.0234 0.00727394 -5.79884e-06 -0.00241093 5.33881e-10 
99440 -85.0285 0.0070989 -5.8027e-06 -0.00241747 5.34089e-10 
99441 -85.0334 0.00692817 -5.80642e-06 -0.00242398 5.343e-10 
99442 -85.0384 0.00676165 -5.81001e-06 -0.00243045 5.34514e-10 
99443 -85.0432 0.00659924 -5.81347e-06 -0.00243688 5.34729e-10 
99444 -85.0481 0.00644082 -5.81681e-06 -0.00244329 5.34947e-10 
99445 -85.0528 0.00628631 -5.82002e-06 -0.00244966 5.35168e-10 
99446 -85.0575 0.0061356 -5.82312e-06 -0.00245599 5.35391e-10 
99447 -85.0622 0.0059886 -5.8261e-06 -0.00246229 5.35617e-10 
99448 -85.0668 0.00584521 -5.82896e-06 -0.00246857 5.35846e-10 
99449 -85.0714 0.00570534 -5.83172e-06 -0.0024748 5.36077e-10 
99450 -85.0759 0.00556891 -5.83437e-06 -0.00248101 5.36311e-10 
99451 -85.0804 0.00543582 -5.83691e-06 -0.00248718 5.36548e-10 
99452 -85.0848 0.005306 -5.83935e-06 -0.00249333 5.36788e-10 
99453 -85.0892 0.00517936 -5.8417e-06 -0.00249944 5.37031e-10 
99454 -85.0936 0.00505583 -5.84394e-06 -0.00250551 5.37277e-10 
99455 -85.0979 0.00493531 -5.8461e-06 -0.00251156 5.37526e-10 
99456 -85.1021 0.00481775 -5.84816e-06 -0.00251758 5.37778e-10 
99457 -85.1063 0.00470306 -5.85013e-06 -0.00252357 5.38033e-10 
99458 -85.1105 0.00459118 -5.85201e-06 -0.00252952 5.38291e-10 
99459 -85.1146 0.00448202 -5.85381e-06 -0.00253545 5.38552e-10 
99460 -85.1187 0.00437553 -5.85553e-06 -0.00254134 5.38817e-10 
99461 -85.1227 0.00427164 -5.85716e-06 -0.00254721 5.39084e-10 
99462 -85.1267 0.00417029 -5.85872e-06 -0.00255304 5.39355e-10 
99463 -85.1307 0.0040714 -5.8602e-06 -0.00255885 5.39629e-10 
99464 -85.1346 0.00397492 -5.8616e-06 -0.00256462 5.39906e-10 
99465 -85.1384 0.00388079 -5.86293e-06 -0.00257037 5.40187e-10 
99466 -85.1423 0.00378895 -5.86419e-06 -0.00257609 5.40471e-10 
99467 -85.146 0.00369934 -5.86538e-06 -0.00258178 5.40758e-10 
99468 -85.1498 0.0036119 -5.8665e-06 -0.00258744 5.41049e-10 
99469 -85.1535 0.00352659 -5.86756e-06 -0.00259307 5.41342e-10 
99470 -85.1572 0.00344335 -5.86855e-06 -0.00259867 5.41639e-10 
99471 -85.1608 0.00336213 -5.86948e-06 -0.00260425 5.4194e-10 
99472 -85.1644 0.00328288 -5.87035e-06 -0.0026098 5.42244e-10 
99473 -85.168 0.00320554 -5.87116e-06 -0.00261532 5.42551e-10 
99474 -85.1715 0.00313008 -5.87191e-06 -0.00262081 5.42862e-10 
99475 -85.175 0.00305645 -5.87261e-06 -0.00262627 5.43176e-10 
99476 -85.1785 0.00298459 -5.87325e-06 -0.00263171 5.43493e-10 
99477 -85.1819 0.00291447 -5.87383e-06 -0.00263712 5.43814e-10 
99478 -85.1853 0.00284604 -5.87437e-06 -0.0026425 5.44138e-10 
99479 -85.1886 0.00277926 -5.87485e-06 -0.00264786 5.44465e-10 
99480 -85.1919 0.0027141 -5.87528e-06 -0.00265318 5.44796e-10 
99481 -85.1952 0.0026505 -5.87566e-06 -0.00265849 5.4513e-10 
99482 -85.1985 0.00258844 -5.876e-06 -0.00266376 5.45468e-10 
99483 -85.2017 0.00252787 -5.87629e-06 -0.00266901 5.45809e-10 
99484 -85.2049 0.00246875 -5.87653e-06 -0.00267423 5.46153e-10 
99485 -85.208 0.00241106 -5.87673e-06 -0.00267943 5.46501e-10 
99486 -85.2111 0.00235475 -5.87689e-06 -0.0026846 5.46852e-10 
99487 -85.2142 0.0022998 -5.877e-06 -0.00268975 5.47206e-10 
99488 -85.2173 0.00224616 -5.87708e-06 -0.00269487 5.47564e-10 
99489 -85.2203 0.00219381 -5.87711e-06 -0.00269996 5.47925e-10 
99490 -85.2233 0.00214272 -5.87711e-06 -0.00270503 5.4829e-10 
99491 -85.2263 0.00209285 -5.87707e-06 -0.00271007 5.48657e-10 
99492 -85.2292 0.00204417 -5.87699e-06 -0.00271509 5.49028e-10 
99493 -85.2321 0.00199665 -5.87688e-06 -0.00272009 5.49403e-10 
99494 -85.235 0.00195028 -5.87673e-06 -0.00272505 5.4978e-10 
99495 -85.2378 0.00190501 -5.87655e-06 -0.00273 5.50161e-10 
99496 -85.2407 0.00186082 -5.87633e-06 -0.00273492 5.50546e-10 
99497 -85.2434 0.00181769 -5.87608e-06 -0.00273981 5.50933e-10 
99498 -85.2462 0.00177558 -5.8758e-06 -0.00274468 5.51324e-10 
99499 -85.249 0.00173448 -5.87549e-06 -0.00274953 5.51718e-10 
99500 -85.2517 0.00169436 -5.87515e-06 -0.00275435 5.52115e-10 
99501 -85.2543 0.00165519 -5.87478e-06 -0.00275915 5.52516e-10 
99502 -85.257 0.00161696 -5.87438e-06 -0.00276393 5.52919e-10 
99503 -85.2596 0.00157963 -5.87396e-06 -0.00276868 5.53326e-10 
99504 -85.2622 0.00154319 -5.87351e-06 -0.00277341 5.53736e-10 
99505 -85.2648 0.00150762 -5.87303e-06 -0.00277811 5.54149e-10 
99506 -85.2674 0.00147289 -5.87252e-06 -0.00278279 5.54565e-10 
99507 -85.2699 0.00143898 -5.87199e-06 -0.00278745 5.54985e-10 
99508 -85.2724 0.00140588 -5.87144e-06 -0.00279208 5.55407e-10 
99509 -85.2749 0.00137356 -5.87087e-06 -0.0027967 5.55833e-10 
99510 -85.2774 0.00134201 -5.87027e-06 -0.00280129 5.56262e-10 
99511 -85.2798 0.00131121 -5.86964e-06 -0.00280585 5.56693e-10 
99512 -85.2822 0.00128113 -5.869e-06 -0.0028104 5.57128e-10 
99513 -85.2846 0.00125176 -5.86834e-06 -0.00281492 5.57566e-10 
99514 -85.2869 0.00122309 -5.86765e-06 -0.00281942 5.58007e-10 
99515 -85.2893 0.0011951 -5.86695e-06 -0.00282389 5.58451e-10 
99516 -85.2916 0.00116776 -5.86622e-06 -0.00282835 5.58898e-10 
99517 -85.2939 0.00114107 -5.86548e-06 -0.00283278 5.59348e-10 
99518 -85.2962 0.00111501 -5.86472e-06 -0.00283719 5.598e-10 
99519 -85.2984 0.00108957 -5.86394e-06 -0.00284158 5.60256e-10 
99520 -85.3006 0.00106472 -5.86314e-06 -0.00284595 5.60715e-10 
99521 -85.3029 0.00104046 -5.86233e-06 -0.0028503 5.61176e-10 
99522 -85.305 0.00101677 -5.8615e-06 -0.00285462 5.61641e-10 
99523 -85.3072 0.00099363 -5.86065e-06 -0.00285892 5.62108e-10 
99524 -85.3094 0.000971039 -5.85979e-06 -0.00286321 5.62578e-10 
99525 -85.3115 0.000948978 -5.85891e-06 -0.00286747 5.63051e-10 
99526 -85.3136 0.000927435 -5.85802e-06 -0.00287171 5.63527e-10 
99527 -85.3157 0.000906397 -5.85712e-06 -0.00287593 5.64005e-10 
99528 -85.3177 0.000885852 -5.8562e-06 -0.00288012 5.64487e-10 
99529 -85.3198 0.000865789 -5.85527e-06 -0.0028843 5.64971e-10 
99530 -85.3218 0.000846195 -5.85432e-06 -0.00288846 5.65458e-10 
99531 -85.3238 0.00082706 -5.85337e-06 -0.00289259 5.65947e-10 
99532 -85.3258 0.000808373 -5.8524e-06 -0.00289671 5.66439e-10 
99533 -85.3278 0.000790122 -5.85141e-06 -0.00290081 5.66934e-10 
99534 -85.3297 0.000772298 -5.85042e-06 -0.00290488 5.67432e-10 
99535 -85.3316 0.00075489 -5.84942e-06 -0.00290894 5.67932e-10 
99536 -85.3336 0.000737889 -5.8484e-06 -0.00291297 5.68435e-10 
99537 -85.3355 0.000721284 -5.84738e-06 -0.00291699 5.6894e-10 
99538 -85.3373 0.000705066 -5.84635e-06 -0.00292099 5.69448e-10 
99539 -85.3392 0.000689227 -5.8453e-06 -0.00292496 5.69959e-10 
99540 -85.341 0.000673756 -5.84425e-06 -0.00292892 5.70472e-10 
99541 -85.3429 0.000658646 -5.84319e-06 -0.00293286 5.70988e-10 
99542 -85.3447 0.000643887 -5.84211e-06 -0.00293677 5.71506e-10 
99543 -85.3465 0.000629471 -5.84104e-06 -0.00294067 5.72027e-10 
99544 -85.3482 0.00061539 -5.83995e-06 -0.00294455 5.7255e-10 
99545 -85.35 0.000601637 -5.83885e-06 -0.00294841 5.73075e-10 
99546 -85.3517 0.000588203 -5.83775e-06 -0.00295225 5.73604e-10 
99547 -85.3535 0.000575081 -5.83664e-06 -0.00295608 5.74134e-10 
99548 -85.3552 0.000562263 -5.83552e-06 -0.00295988 5.74667e-10 
99549 -85.3569 0.000549743 -5.8344e-06 -0.00296366 5.75202e-10 
99550 -85.3586 0.000537513 -5.83327e-06 -0.00296743 5.7574e-10 
99551 -85.3602 0.000525566 -5.83213e-06 -0.00297118 5.7628e-10 
99552 -85.3619 0.000513895 -5.83099e-06 -0.00297491 5.76822e-10 
99553 -85.3635 0.000502495 -5.82984e-06 -0.00297862 5.77367e-10 
99554 -85.3651 0.000491358 -5.82869e-06 -0.00298231 5.77914e-10 
99555 -85.3667 0.000480479 -5.82753e-06 -0.00298599 5.78463e-10 
99556 -85.3683 0.000469852 -5.82637e-06 -0.00298964 5.79014e-10 
99557 -85.3699 0.00045947 -5.8252e-06 -0.00299328 5.79568e-10 
99558 -85.3714 0.000449327 -5.82402e-06 -0.0029969 5.80124e-10 
99559 -85.373 0.000439419 -5.82285e-06 -0.00300051 5.80682e-10 
99560 -85.3745 0.000429739 -5.82167e-06 -0.00300409 5.81242e-10 
99561 -85.376 0.000420282 -5.82048e-06 -0.00300766 5.81804e-10 
99562 -85.3775 0.000411044 -5.81929e-06 -0.00301121 5.82369e-10 
99563 -85.379 0.000402018 -5.8181e-06 -0.00301474 5.82936e-10 
99564 -85.3805 0.0003932 -5.8169e-06 -0.00301826 5.83504e-10 
99565 -85.382 0.000384584 -5.8157e-06 -0.00302175 5.84075e-10 
99566 -85.3834 0.000376167 -5.8145e-06 -0.00302523 5.84648e-10 
99567 -85.3849 0.000367944 -5.8133e-06 -0.0030287 5.85223e-10 
99568 -85.3863 0.000359909 -5.81209e-06 -0.00303215 5.858e-10 
99569 -85.3877 0.00035206 -5.81088e-06 -0.00303557 5.86379e-10 
99570 -85.3891 0.00034439 -5.80967e-06 -0.00303899 5.8696e-10 
99571 -85.3905 0.000336896 -5.80845e-06 -0.00304238 5.87544e-10 
99572 -85.3919 0.000329574 -5.80724e-06 -0.00304576 5.88129e-10 
99573 -85.3932 0.000322421 -5.80602e-06 -0.00304913 5.88715e-10 
99574 -85.3946 0.000315431 -5.8048e-06 -0.00305247 5.89304e-10 
99575 -85.3959 0.000308601 -5.80358e-06 -0.0030558 5.89895e-10 
99576 -85.3972 0.000301928 -5.80236e-06 -0.00305912 5.90488e-10 
99577 -85.3985 0.000295407 -5.80113e-06 -0.00306241 5.91082e-10 
99578 -85.3998 0.000289036 -5.79991e-06 -0.00306569 5.91679e-10 
99579 -85.4011 0.00028281 -5.79868e-06 -0.00306896 5.92277e-10 
99580 -85.4024 0.000276727 -5.79746e-06 -0.00307221 5.92877e-10 
99581 -85.4037 0.000270783 -5.79623e-06 -0.00307544 5.93479e-10 
99582 -85.4049 0.000264974 -5.795e-06 -0.00307866 5.94083e-10 
99583 -85.4062 0.000259298 -5.79378e-06 -0.00308186 5.94688e-10 
99584 -85.4074 0.000253752 -5.79255e-06 -0.00308504 5.95295e-10 
99585 -85.4086 0.000248332 -5.79132e-06 -0.00308821 5.95904e-10 
99586 -85.4099 0.000243036 -5.79009e-06 -0.00309137 5.96515e-10 
99587 -85.4111 0.000237861 -5.78886e-06 -0.00309451 5.97128e-10 
99588 -85.4123 0.000232803 -5.78764e-06 -0.00309763 5.97742e-10 
99589 -85.4134 0.000227861 -5.78641e-06 -0.00310074 5.98357e-10 
99590 -85.4146 0.000223031 -5.78518e-06 -0.00310383 5.98975e-10 
99591 -85.4158 0.000218311 -5.78395e-06 -0.00310691 5.99594e-10 
99592 -85.4169 0.000213699 -5.78273e-06 -0.00310997 6.00215e-10 
99593 -85.4181 0.000209191 -5.7815e-06 -0.00311302 6.00837e-10 
99594 -85.4192 0.000204786 -5.78028e-06 -0.00311605 6.01461e-10 
99595 -85.4203 0.000200481 -5.77906e-06 -0.00311907 6.02086e-10 
99596 -85.4214 0.000196274 -5.77783e-06 -0.00312207 6.02713e-10 
99597 -85.4225 0.000192162 -5.77661e-06 -0.00312506 6.03342e-10 
99598 -85.4236 0.000188143 -5.77539e-06 -0.00312803 6.03972e-10 
99599 -85.4247 0.000184216 -5.77417e-06 -0.00313099 6.04604e-10 
99600 -85.4258 0.000180378 -5.77295e-06 -0.00313394 6.05237e-10 
99601 -85.4268 0.000176627 -5.77174e-06 -0.00313687 6.05871e-10 
99602 -85.4279 0.000172961 -5.77052e-06 -0.00313978 6.06507e-10 
99603 -85.4289 0.000169377 -5.76931e-06 -0.00314268 6.07145e-10 
99604 -85.43 0.000165875 -5.7681e-06 -0.00314557 6.07784e-10 
99605 -85.431 0.000162453 -5.76689e-06 -0.00314844 6.08424e-10 
99606 -85.432 0.000159107 -5.76568e-06 -0.0031513 6.09066e-10 
99607 -85.433 0.000155838 -5.76448e-06 -0.00315414 6.09709e-10 
99608 -85.434 0.000152642 -5.76327e-06 -0.00315697 6.10354e-10 
99609 -85.435 0.000149519 -5.76207e-06 -0.00315979 6.10999e-10 
99610 -85.436 0.000146466 -5.76087e-06 -0.00316259 6.11647e-10 
99611 -85.437 0.000143482 -5.75967e-06 -0.00316538 6.12295e-10 
99612 -85.438 0.000140565 -5.75848e-06 -0.00316816 6.12945e-10 
99613 -85.4389 0.000137714 -5.75728e-06 -0.00317092 6.13596e-10 
99614 -85.4399 0.000134928 -5.75609e-06 -0.00317367 6.14249e-10 
99615 -85.4408 0.000132204 -5.75491e-06 -0.0031764 6.14903e-10 
99616 -85.4418 0.000129542 -5.75372e-06 -0.00317912 6.15558e-10 
99617 -85.4427 0.00012694 -5.75254e-06 -0.00318183 6.16214e-10 
99618 -85.4436 0.000124396 -5.75136e-06 -0.00318453 6.16871e-10 
99619 -85.4445 0.00012191 -5.75018e-06 -0.00318721 6.1753e-10 
99620 -85.4454 0.000119479 -5.749e-06 -0.00318987 6.1819e-10 
99621 -85.4463 0.000117104 -5.74783e-06 -0.00319253 6.18851e-10 
99622 -85.4472 0.000114781 -5.74666e-06 -0.00319517 6.19513e-10 
99623 -85.4481 0.000112511 -5.74549e-06 -0.0031978 6.20177e-10 
99624 -85.449 0.000110292 -5.74433e-06 -0.00320042 6.20841e-10 
99625 -85.4498 0.000108123 -5.74316e-06 -0.00320302 6.21507e-10 
99626 -85.4507 0.000106003 -5.74201e-06 -0.00320561 6.22174e-10 
99627 -85.4516 0.00010393 -5.74085e-06 -0.00320819 6.22841e-10 
99628 -85.4524 0.000101904 -5.7397e-06 -0.00321075 6.2351e-10 
99629 -85.4533 9.99231e-05 -5.73855e-06 -0.0032133 6.2418e-10 
99630 -85.4541 9.79867e-05 -5.7374e-06 -0.00321584 6.24851e-10 
99631 -85.4549 9.60938e-05 -5.73626e-06 -0.00321837 6.25524e-10 
99632 -85.4557 9.42433e-05 -5.73512e-06 -0.00322089 6.26197e-10 
99633 -85.4565 9.24342e-05 -5.73398e-06 -0.00322339 6.26871e-10 
99634 -85.4573 9.06657e-05 -5.73285e-06 -0.00322588 6.27546e-10 
99635 -85.4581 8.89368e-05 -5.73172e-06 -0.00322836 6.28222e-10 
99636 -85.4589 8.72466e-05 -5.73059e-06 -0.00323082 6.289e-10 
99637 -85.4597 8.55942e-05 -5.72947e-06 -0.00323328 6.29578e-10 
99638 -85.4605 8.39788e-05 -5.72834e-06 -0.00323572 6.30257e-10 
99639 -85.4613 8.23995e-05 -5.72723e-06 -0.00323815 6.30937e-10 
99640 -85.462 8.08555e-05 -5.72611e-06 -0.00324057 6.31618e-10 
99641 -85.4628 7.9346e-05 -5.725e-06 -0.00324297 6.323e-10 
99642 -85.4636 7.78702e-05 -5.7239e-06 -0.00324537 6.32983e-10 
99643 -85.4643 7.64274e-05 -5.72279e-06 -0.00324775 6.33666e-10 
99644 -85.465 7.50168e-05 -5.72169e-06 -0.00325012 6.34351e-10 
99645 -85.4658 7.36377e-05 -5.7206e-06 -0.00325248 6.35036e-10 
99646 -85.4665 7.22894e-05 -5.7195e-06 -0.00325482 6.35722e-10 
99647 -85.4672 7.09711e-05 -5.71841e-06 -0.00325716 6.3641e-10 
99648 -85.468 6.96822e-05 -5.71733e-06 -0.00325948 6.37098e-10 
99649 -85.4687 6.84221e-05 -5.71625e-06 -0.0032618 6.37786e-10 
99650 -85.4694 6.719e-05 -5.71517e-06 -0.0032641 6.38476e-10 
99651 -85.4701 6.59853e-05 -5.71409e-06 -0.00326639 6.39166e-10 
99652 -85.4708 6.48075e-05 -5.71302e-06 -0.00326867 6.39857e-10 
99653 -85.4715 6.36559e-05 -5.71195e-06 -0.00327094 6.40549e-10 
99654 -85.4722 6.25299e-05 -5.71089e-06 -0.00327319 6.41242e-10 
99655 -85.4728 6.1429e-05 -5.70983e-06 -0.00327544 6.41935e-10 
99656 -85.4735 6.03526e-05 -5.70877e-06 -0.00327767 6.42629e-10 
99657 -85.4742 5.93001e-05 -5.70772e-06 -0.00327989 6.43324e-10 
99658 -85.4748 5.82709e-05 -5.70667e-06 -0.00328211 6.4402e-10 
99659 -85.4755 5.72647e-05 -5.70563e-06 -0.00328431 6.44716e-10 
99660 -85.4761 5.62807e-05 -5.70459e-06 -0.0032865 6.45413e-10 
99661 -85.4768 5.53187e-05 -5.70355e-06 -0.00328868 6.46111e-10 
99662 -85.4774 5.43779e-05 -5.70251e-06 -0.00329085 6.46809e-10 
99663 -85.4781 5.34581e-05 -5.70148e-06 -0.00329301 6.47508e-10 
99664 -85.4787 5.25586e-05 -5.70046e-06 -0.00329516 6.48208e-10 
99665 -85.4793 5.16791e-05 -5.69943e-06 -0.00329729 6.48908e-10 
99666 -85.48 5.08191e-05 -5.69842e-06 -0.00329942 6.49609e-10 
99667 -85.4806 4.99781e-05 -5.6974e-06 -0.00330154 6.5031e-10 
99668 -85.4812 4.91557e-05 -5.69639e-06 -0.00330364 6.51012e-10 
99669 -85.4818 4.83516e-05 -5.69538e-06 -0.00330574 6.51715e-10 
99670 -85.4824 4.75653e-05 -5.69438e-06 -0.00330782 6.52418e-10 
99671 -85.483 4.67963e-05 -5.69338e-06 -0.0033099 6.53122e-10 
99672 -85.4836 4.60444e-05 -5.69238e-06 -0.00331196 6.53826e-10 
99673 -85.4842 4.53091e-05 -5.69139e-06 -0.00331402 6.54531e-10 
99674 -85.4848 4.459e-05 -5.6904e-06 -0.00331606 6.55236e-10 
99675 -85.4853 4.38869e-05 -5.68942e-06 -0.0033181 6.55942e-10 
99676 -85.4859 4.31993e-05 -5.68844e-06 -0.00332012 6.56649e-10 
99677 -85.4865 4.25268e-05 -5.68746e-06 -0.00332213 6.57356e-10 
99678 -85.487 4.18692e-05 -5.68649e-06 -0.00332414 6.58063e-10 
99679 -85.4876 4.12261e-05 -5.68552e-06 -0.00332613 6.58771e-10 
99680 -85.4882 4.05972e-05 -5.68456e-06 -0.00332812 6.59479e-10 
99681 -85.4887 3.99822e-05 -5.6836e-06 -0.00333009 6.60188e-10 
99682 -85.4893 3.93807e-05 -5.68264e-06 -0.00333206 6.60897e-10 
99683 -85.4898 3.87925e-05 -5.68169e-06 -0.00333401 6.61607e-10 
99684 -85.4904 3.82172e-05 -5.68074e-06 -0.00333596 6.62317e-10 
99685 -85.4909 3.76546e-05 -5.67979e-06 -0.0033379 6.63028e-10 
99686 -85.4914 3.71044e-05 -5.67885e-06 -0.00333982 6.63739e-10 
99687 -85.4919 3.65663e-05 -5.67791e-06 -0.00334174 6.6445e-10 
99688 -85.4925 3.60401e-05 -5.67698e-06 -0.00334365 6.65162e-10 
99689 -85.493 3.55254e-05 -5.67605e-06 -0.00334555 6.65874e-10 
99690 -85.4935 3.5022e-05 -5.67512e-06 -0.00334744 6.66587e-10 
99691 -85.494 3.45297e-05 -5.6742e-06 -0.00334932 6.673e-10 
99692 -85.4945 3.40482e-05 -5.67328e-06 -0.00335119 6.68013e-10 
99693 -85.495 3.35773e-05 -5.67236e-06 -0.00335305 6.68726e-10 
99694 -85.4955 3.31167e-05 -5.67145e-06 -0.0033549 6.6944e-10 
99695 -85.496 3.26662e-05 -5.67055e-06 -0.00335674 6.70155e-10 
99696 -85.4965 3.22256e-05 -5.66964e-06 -0.00335858 6.70869e-10 
99697 -85.497 3.17947e-05 -5.66874e-06 -0.0033604 6.71584e-10 
99698 -85.4975 3.13732e-05 -5.66785e-06 -0.00336222 6.72299e-10 
99699 -85.498 3.0961e-05 -5.66696e-06 -0.00336403 6.73015e-10 
99700 -85.4985 3.05577e-05 -5.66607e-06 -0.00336582 6.7373e-10 
99701 -85.4989 3.01634e-05 -5.66518e-06 -0.00336761 6.74446e-10 
99702 -85.4994 2.97776e-05 -5.6643e-06 -0.00336939 6.75163e-10 
99703 -85.4999 2.94003e-05 -5.66343e-06 -0.00337116 6.75879e-10 
99704 -85.5003 2.90312e-05 -5.66255e-06 -0.00337293 6.76596e-10 
99705 -85.5008 2.86703e-05 -5.66168e-06 -0.00337468 6.77313e-10 
99706 -85.5013 2.83172e-05 -5.66082e-06 -0.00337643 6.7803e-10 
99707 -85.5017 2.79718e-05 -5.65996e-06 -0.00337816 6.78747e-10 
99708 -85.5022 2.76339e-05 -5.6591e-06 -0.00337989 6.79465e-10 
99709 -85.5026 2.73035e-05 -5.65824e-06 -0.00338161 6.80183e-10 
99710 -85.5031 2.69802e-05 -5.65739e-06 -0.00338332 6.80901e-10 
99711 -85.5035 2.6664e-05 -5.65655e-06 -0.00338503 6.81619e-10 
99712 -85.5039 2.63547e-05 -5.6557e-06 -0.00338672 6.82338e-10 
99713 -85.5044 2.60522e-05 -5.65486e-06 -0.00338841 6.83056e-10 
99714 -85.5048 2.57562e-05 -5.65403e-06 -0.00339008 6.83775e-10 
99715 -85.5052 2.54667e-05 -5.6532e-06 -0.00339175 6.84494e-10 
99716 -85.5056 2.51835e-05 -5.65237e-06 -0.00339341 6.85213e-10 
99717 -85.5061 2.49064e-05 -5.65154e-06 -0.00339507 6.85932e-10 
99718 -85.5065 2.46354e-05 -5.65072e-06 -0.00339671 6.86651e-10 
99719 -85.5069 2.43703e-05 -5.6499e-06 -0.00339835 6.8737e-10 
99720 -85.5073 2.41109e-05 -5.64909e-06 -0.00339998 6.8809e-10 
99721 -85.5077 2.38572e-05 -5.64828e-06 -0.0034016 6.8881e-10 
99722 -85.5081 2.36089e-05 -5.64747e-06 -0.00340321 6.89529e-10 
99723 -85.5085 2.33661e-05 -5.64667e-06 -0.00340482 6.90249e-10 
99724 -85.5089 2.31286e-05 -5.64587e-06 -0.00340641 6.90969e-10 
99725 -85.5093 2.28962e-05 -5.64507e-06 -0.003408 6.91689e-10 
99726 -85.5097 2.26688e-05 -5.64428e-06 -0.00340958 6.92409e-10 
99727 -85.5101 2.24463e-05 -5.64349e-06 -0.00341115 6.93129e-10 
99728 -85.5105 2.22287e-05 -5.64271e-06 -0.00341272 6.93849e-10 
99729 -85.5109 2.20158e-05 -5.64193e-06 -0.00341428 6.94569e-10 
99730 -85.5113 2.18075e-05 -5.64115e-06 -0.00341583 6.95289e-10 
99731 -85.5117 2.16037e-05 -5.64037e-06 -0.00341737 6.96009e-10 
99732 -85.512 2.14043e-05 -5.6396e-06 -0.0034189 6.96729e-10 
99733 -85.5124 2.12093e-05 -5.63883e-06 -0.00342043 6.9745e-10 
99734 -85.5128 2.10184e-05 -5.63807e-06 -0.00342195 6.9817e-10 
99735 -85.5132 2.08317e-05 -5.63731e-06 -0.00342346 6.9889e-10 
99736 -85.5135 2.06489e-05 -5.63655e-06 -0.00342497 6.9961e-10 
99737 -85.5139 2.04702e-05 -5.6358e-06 -0.00342646 7.0033e-10 
99738 -85.5143 2.02953e-05 -5.63505e-06 -0.00342795 7.01051e-10 
99739 -85.5146 2.01241e-05 -5.6343e-06 -0.00342943 7.01771e-10 
99740 -85.515 1.99567e-05 -5.63355e-06 -0.00343091 7.02491e-10 
99741 -85.5153 1.97928e-05 -5.63281e-06 -0.00343238 7.03211e-10 
99742 -85.5157 1.96325e-05 -5.63208e-06 -0.00343384 7.03931e-10 
99743 -85.516 1.94756e-05 -5.63134e-06 -0.00343529 7.04651e-10 
99744 -85.5164 1.93221e-05 -5.63061e-06 -0.00343674 7.05371e-10 
99745 -85.5167 1.91719e-05 -5.62989e-06 -0.00343817 7.0609e-10 
99746 -85.5171 1.90249e-05 -5.62916e-06 -0.00343961 7.0681e-10 
99747 -85.5174 1.88811e-05 -5.62844e-06 -0.00344103 7.0753e-10 
99748 -85.5177 1.87404e-05 -5.62772e-06 -0.00344245 7.08249e-10 
99749 -85.5181 1.86027e-05 -5.62701e-06 -0.00344386 7.08969e-10 
99750 -85.5184 1.84679e-05 -5.6263e-06 -0.00344526 7.09688e-10 
99751 -85.5187 1.8336e-05 -5.62559e-06 -0.00344666 7.10407e-10 
99752 -85.5191 1.8207e-05 -5.62489e-06 -0.00344805 7.11126e-10 
99753 -85.5194 1.80807e-05 -5.62419e-06 -0.00344943 7.11845e-10 
99754 -85.5197 1.79571e-05 -5.62349e-06 -0.0034508 7.12564e-10 
99755 -85.52 1.78361e-05 -5.62279e-06 -0.00345217 7.13283e-10 
99756 -85.5204 1.77178e-05 -5.6221e-06 -0.00345354 7.14001e-10 
99757 -85.5207 1.76019e-05 -5.62141e-06 -0.00345489 7.1472e-10 
99758 -85.521 1.74885e-05 -5.62073e-06 -0.00345624 7.15438e-10 
99759 -85.5213 1.73776e-05 -5.62004e-06 -0.00345758 7.16156e-10 
99760 -85.5216 1.7269e-05 -5.61937e-06 -0.00345892 7.16874e-10 
99761 -85.5219 1.71627e-05 -5.61869e-06 -0.00346025 7.17591e-10 
99762 -85.5222 1.70587e-05 -5.61802e-06 -0.00346157 7.18309e-10 
99763 -85.5225 1.69569e-05 -5.61735e-06 -0.00346288 7.19026e-10 
99764 -85.5228 1.68573e-05 -5.61668e-06 -0.00346419 7.19743e-10 
99765 -85.5231 1.67597e-05 -5.61602e-06 -0.00346549 7.2046e-10 
99766 -85.5234 1.66643e-05 -5.61536e-06 -0.00346679 7.21177e-10 
99767 -85.5237 1.65709e-05 -5.6147e-06 -0.00346808 7.21894e-10 
99768 -85.524 1.64794e-05 -5.61404e-06 -0.00346936 7.2261e-10 
99769 -85.5243 1.63899e-05 -5.61339e-06 -0.00347064 7.23326e-10 
99770 -85.5246 1.63023e-05 -5.61274e-06 -0.00347191 7.24042e-10 
99771 -85.5249 1.62165e-05 -5.6121e-06 -0.00347317 7.24758e-10 
99772 -85.5252 1.61326e-05 -5.61145e-06 -0.00347443 7.25473e-10 
99773 -85.5255 1.60504e-05 -5.61081e-06 -0.00347568 7.26188e-10 
99774 -85.5258 1.597e-05 -5.61018e-06 -0.00347693 7.26903e-10 
99775 -85.526 1.58912e-05 -5.60954e-06 -0.00347817 7.27618e-10 
99776 -85.5263 1.58141e-05 -5.60891e-06 -0.0034794 7.28332e-10 
99777 -85.5266 1.57387e-05 -5.60828e-06 -0.00348063 7.29046e-10 
99778 -85.5269 1.56648e-05 -5.60766e-06 -0.00348185 7.2976e-10 
99779 -85.5271 1.55925e-05 -5.60703e-06 -0.00348306 7.30474e-10 
99780 -85.5274 1.55217e-05 -5.60641e-06 -0.00348427 7.31187e-10 
99781 -85.5277 1.54524e-05 -5.6058e-06 -0.00348547 7.319e-10 
99782 -85.528 1.53845e-05 -5.60518e-06 -0.00348667 7.32613e-10 
99783 -85.5282 1.53181e-05 -5.60457e-06 -0.00348786 7.33325e-10 
99784 -85.5285 1.5253e-05 -5.60396e-06 -0.00348904 7.34037e-10 
99785 -85.5287 1.51893e-05 -5.60336e-06 -0.00349022 7.34749e-10 
99786 -85.529 1.5127e-05 -5.60275e-06 -0.0034914 7.35461e-10 
99787 -85.5293 1.50659e-05 -5.60215e-06 -0.00349256 7.36172e-10 
99788 -85.5295 1.50061e-05 -5.60156e-06 -0.00349372 7.36883e-10 
99789 -85.5298 1.49476e-05 -5.60096e-06 -0.00349488 7.37593e-10 
99790 -85.53 1.48903e-05 -5.60037e-06 -0.00349603 7.38303e-10 
99791 -85.5303 1.48342e-05 -5.59978e-06 -0.00349717 7.39013e-10 
99792 -85.5305 1.47792e-05 -5.59919e-06 -0.00349831 7.39723e-10 
99793 -85.5308 1.47254e-05 -5.59861e-06 -0.00349944 7.40432e-10 
99794 -85.531 1.46727e-05 -5.59803e-06 -0.00350057 7.41141e-10 
99795 -85.5313 1.46211e-05 -5.59745e-06 -0.00350169 7.41849e-10 
99796 -85.5315 1.45706e-05 -5.59687e-06 -0.00350281 7.42557e-10 
99797 -85.5318 1.45211e-05 -5.5963e-06 -0.00350392 7.43265e-10 
99798 -85.532 1.44727e-05 -5.59572e-06 -0.00350502 7.43972e-10 
99799 -85.5323 1.44252e-05 -5.59516e-06 -0.00350612 7.44679e-10 
99800 -85.5325 1.43787e-05 -5.59459e-06 -0.00350721 7.45386e-10 
99801 -85.5327 1.43332e-05 -5.59403e-06 -0.0035083 7.46092e-10 
99802 -85.533 1.42886e-05 -5.59346e-06 -0.00350938 7.46798e-10 
99803 -85.5332 1.4245e-05 -5.59291e-06 -0.00351046 7.47503e-10 
99804 -85.5334 1.42022e-05 -5.59235e-06 -0.00351153 7.48208e-10 
99805 -85.5337 1.41603e-05 -5.5918e-06 -0.0035126 7.48913e-10 
99806 -85.5339 1.41193e-05 -5.59124e-06 -0.00351366 7.49617e-10 
99807 -85.5341 1.40791e-05 -5.5907e-06 -0.00351472 7.50321e-10 
99808 -85.5344 1.40397e-05 -5.59015e-06 -0.00351577 7.51024e-10 
99809 -85.5346 1.40011e-05 -5.58961e-06 -0.00351681 7.51727e-10 
99810 -85.5348 1.39634e-05 -5.58906e-06 -0.00351785 7.5243e-10 
99811 -85.535 1.39263e-05 -5.58852e-06 -0.00351889 7.53132e-10 
99812 -85.5353 1.38901e-05 -5.58799e-06 -0.00351992 7.53834e-10 
99813 -85.5355 1.38546e-05 -5.58745e-06 -0.00352094 7.54535e-10 
99814 -85.5357 1.38198e-05 -5.58692e-06 -0.00352196 7.55236e-10 
99815 -85.5359 1.37857e-05 -5.58639e-06 -0.00352298 7.55936e-10 
99816 -85.5361 1.37523e-05 -5.58586e-06 -0.00352399 7.56636e-10 
99817 -85.5364 1.37195e-05 -5.58534e-06 -0.00352499 7.57336e-10 
99818 -85.5366 1.36875e-05 -5.58482e-06 -0.00352599 7.58035e-10 
99819 -85.5368 1.36561e-05 -5.5843e-06 -0.00352698 7.58733e-10 
99820 -85.537 1.36253e-05 -5.58378e-06 -0.00352797 7.59431e-10 
99821 -85.5372 1.35951e-05 -5.58326e-06 -0.00352896 7.60129e-10 
99822 -85.5374 1.35655e-05 -5.58275e-06 -0.00352994 7.60826e-10 
99823 -85.5376 1.35366e-05 -5.58224e-06 -0.00353091 7.61523e-10 
99824 -85.5378 1.35082e-05 -5.58173e-06 -0.00353188 7.62219e-10 
99825 -85.538 1.34804e-05 -5.58122e-06 -0.00353284 7.62915e-10 
99826 -85.5382 1.34531e-05 -5.58072e-06 -0.0035338 7.6361e-10 
99827 -85.5384 1.34264e-05 -5.58021e-06 -0.00353476 7.64305e-10 
99828 -85.5387 1.34002e-05 -5.57971e-06 -0.00353571 7.64999e-10 
99829 -85.5389 1.33745e-05 -5.57921e-06 -0.00353665 7.65693e-10 
99830 -85.5391 1.33494e-05 -5.57872e-06 -0.00353759 7.66386e-10 
99831 -85.5393 1.33247e-05 -5.57822e-06 -0.00353853 7.67079e-10 
99832 -85.5394 1.33005e-05 -5.57773e-06 -0.00353946 7.67771e-10 
99833 -85.5396 1.32768e-05 -5.57724e-06 -0.00354039 7.68463e-10 
99834 -85.5398 1.32536e-05 -5.57675e-06 -0.00354131 7.69154e-10 
99835 -85.54 1.32308e-05 -5.57627e-06 -0.00354223 7.69845e-10 
99836 -85.5402 1.32085e-05 -5.57578e-06 -0.00354314 7.70535e-10 
99837 -85.5404 1.31866e-05 -5.5753e-06 -0.00354405 7.71225e-10 
99838 -85.5406 1.31652e-05 -5.57482e-06 -0.00354495 7.71914e-10 
99839 -85.5408 1.31441e-05 -5.57435e-06 -0.00354585 7.72603e-10 
99840 -85.541 1.31235e-05 -5.57387e-06 -0.00354675 7.73291e-10 
99841 -85.5412 1.31033e-05 -5.5734e-06 -0.00354763 7.73978e-10 
99842 -85.5414 1.30835e-05 -5.57293e-06 -0.00354852 7.74665e-10 
99843 -85.5415 1.3064e-05 -5.57246e-06 -0.0035494 7.75352e-10 
99844 -85.5417 1.30449e-05 -5.57199e-06 -0.00355028 7.76038e-10 
99845 -85.5419 1.30262e-05 -5.57152e-06 -0.00355115 7.76723e-10 
99846 -85.5421 1.30079e-05 -5.57106e-06 -0.00355202 7.77408e-10 
99847 -85.5423 1.29899e-05 -5.5706e-06 -0.00355288 7.78092e-10 
99848 -85.5425 1.29723e-05 -5.57014e-06 -0.00355374 7.78776e-10 
99849 -85.5426 1.29549e-05 -5.56968e-06 -0.0035546 7.79459e-10 
99850 -85.5428 1.2938e-05 -5.56922e-06 -0.00355545 7.80142e-10 
99851 -85.543 1.29213e-05 -5.56877e-06 -0.00355629 7.80824e-10 
99852 -85.5432 1.2905e-05 -5.56832e-06 -0.00355713 7.81505e-10 
99853 -85.5434 1.2889e-05 -5.56787e-06 -0.00355797 7.82186e-10 
99854 -85.5435 1.28732e-05 -5.56742e-06 -0.0035588 7.82866e-10 
99855 -85.5437 1.28578e-05 -5.56697e-06 -0.00355963 7.83546e-10 
99856 -85.5439 1.28427e-05 -5.56653e-06 -0.00356046 7.84225e-10 
99857 -85.544 1.28278e-05 -5.56609e-06 -0.00356128 7.84904e-10 
99858 -85.5442 1.28133e-05 -5.56564e-06 -0.0035621 7.85582e-10 
99859 -85.5444 1.2799e-05 -5.56521e-06 -0.00356291 7.86259e-10 
99860 -85.5446 1.27849e-05 -5.56477e-06 -0.00356372 7.86936e-10 
99861 -85.5447 1.27712e-05 -5.56433e-06 -0.00356452 7.87612e-10 
99862 -85.5449 1.27577e-05 -5.5639e-06 -0.00356532 7.88287e-10 
99863 -85.5451 1.27444e-05 -5.56347e-06 -0.00356612 7.88962e-10 
99864 -85.5452 1.27314e-05 -5.56304e-06 -0.00356691 7.89637e-10 
99865 -85.5454 1.27186e-05 -5.56261e-06 -0.0035677 7.90311e-10 
99866 -85.5456 1.27061e-05 -5.56218e-06 -0.00356848 7.90984e-10 
99867 -85.5457 1.26938e-05 -5.56175e-06 -0.00356926 7.91656e-10 
99868 -85.5459 1.26817e-05 -5.56133e-06 -0.00357004 7.92328e-10 
99869 -85.546 1.26698e-05 -5.56091e-06 -0.00357081 7.93e-10 
99870 -85.5462 1.26582e-05 -5.56049e-06 -0.00357158 7.9367e-10 
99871 -85.5464 1.26467e-05 -5.56007e-06 -0.00357234 7.9434e-10 
99872 -85.5465 1.26355e-05 -5.55965e-06 -0.00357311 7.9501e-10 
99873 -85.5467 1.26245e-05 -5.55924e-06 -0.00357386 7.95679e-10 
99874 -85.5468 1.26136e-05 -5.55882e-06 -0.00357462 7.96347e-10 
99875 -85.547 1.2603e-05 -5.55841e-06 -0.00357536 7.97015e-10 
99876 -85.5471 1.25926e-05 -5.558e-06 -0.00357611 7.97682e-10 
99877 -85.5473 1.25823e-05 -5.55759e-06 -0.00357685 7.98348e-10 
99878 -85.5475 1.25722e-05 -5.55718e-06 -0.00357759 7.99014e-10 
99879 -85.5476 1.25623e-05 -5.55678e-06 -0.00357832 7.99679e-10 
99880 -85.5478 1.25526e-05 -5.55637e-06 -0.00357905 8.00343e-10 
99881 -85.5479 1.2543e-05 -5.55597e-06 -0.00357978 8.01007e-10 
99882 -85.5481 1.25337e-05 -5.55557e-06 -0.0035805 8.0167e-10 
99883 -85.5482 1.25244e-05 -5.55517e-06 -0.00358122 8.02332e-10 
99884 -85.5484 1.25154e-05 -5.55477e-06 -0.00358194 8.02994e-10 
99885 -85.5485 1.25065e-05 -5.55438e-06 -0.00358265 8.03655e-10 
99886 -85.5487 1.24977e-05 -5.55398e-06 -0.00358336 8.04316e-10 
99887 -85.5488 1.24891e-05 -5.55359e-06 -0.00358406 8.04976e-10 
99888 -85.549 1.24807e-05 -5.5532e-06 -0.00358477 8.05635e-10 
99889 -85.5491 1.24724e-05 -5.55281e-06 -0.00358546 8.06293e-10 
99890 -85.5492 1.24642e-05 -5.55242e-06 -0.00358616 8.06951e-10 
99891 -85.5494 1.24562e-05 -5.55203e-06 -0.00358685 8.07609e-10 
99892 -85.5495 1.24483e-05 -5.55164e-06 -0.00358754 8.08265e-10 
99893 -85.5497 1.24405e-05 -5.55126e-06 -0.00358822 8.08921e-10 
99894 -85.5498 1.24329e-05 -5.55088e-06 -0.0035889 8.09576e-10 
99895 -85.55 1.24254e-05 -5.55049e-06 -0.00358958 8.10231e-10 
99896 -85.5501 1.2418e-05 -5.55011e-06 -0.00359025 8.10885e-10 
99897 -85.5502 1.24108e-05 -5.54974e-06 -0.00359092 8.11538e-10 
99898 -85.5504 1.24037e-05 -5.54936e-06 -0.00359159 8.1219e-10 
99899 -85.5505 1.23966e-05 -5.54898e-06 -0.00359225 8.12842e-10 
99900 -85.5507 1.23897e-05 -5.54861e-06 -0.00359291 8.13493e-10 
99901 -85.5508 1.2383e-05 -5.54823e-06 -0.00359356 8.14144e-10 
99902 -85.5509 1.23763e-05 -5.54786e-06 -0.00359422 8.14793e-10 
99903 -85.5511 1.23697e-05 -5.54749e-06 -0.00359487 8.15442e-10 
99904 -85.5512 1.23632e-05 -5.54712e-06 -0.00359551 8.16091e-10 
99905 -85.5513 1.23569e-05 -5.54675e-06 -0.00359616 8.16739e-10 
99906 -85.5515 1.23506e-05 -5.54639e-06 -0.0035968 8.17386e-10 
99907 -85.5516 1.23445e-05 -5.54602e-06 -0.00359743 8.18032e-10 
99908 -85.5517 1.23384e-05 -5.54566e-06 -0.00359807 8.18678e-10 
99909 -85.5519 1.23324e-05 -5.54529e-06 -0.0035987 8.19322e-10 
99910 -85.552 1.23266e-05 -5.54493e-06 -0.00359932 8.19967e-10 
99911 -85.5521 1.23208e-05 -5.54457e-06 -0.00359995 8.2061e-10 
99912 -85.5523 1.23151e-05 -5.54421e-06 -0.00360057 8.21253e-10 
99913 -85.5524 1.23095e-05 -5.54386e-06 -0.00360118 8.21895e-10 
99914 -85.5525 1.2304e-05 -5.5435e-06 -0.0036018 8.22537e-10 
99915 -85.5527 1.22985e-05 -5.54314e-06 -0.00360241 8.23177e-10 
99916 -85.5528 1.22932e-05 -5.54279e-06 -0.00360302 8.23817e-10 
99917 -85.5529 1.22879e-05 -5.54244e-06 -0.00360362 8.24457e-10 
99918 -85.5531 1.22827e-05 -5.54209e-06 -0.00360422 8.25095e-10 
99919 -85.5532 1.22776e-05 -5.54174e-06 -0.00360482 8.25733e-10 
99920 -85.5533 1.22726e-05 -5.54139e-06 -0.00360542 8.2637e-10 
99921 -85.5534 1.22676e-05 -5.54104e-06 -0.00360601 8.27007e-10 
99922 -85.5536 1.22627e-05 -5.54069e-06 -0.0036066 8.27642e-10 
99923 -85.5537 1.22579e-05 -5.54035e-06 -0.00360718 8.28277e-10 
99924 -85.5538 1.22532e-05 -5.54e-06 -0.00360777 8.28912e-10 
99925 -85.5539 1.22485e-05 -5.53966e-06 -0.00360835 8.29545e-10 
99926 -85.5541 1.22439e-05 -5.53932e-06 -0.00360893 8.30178e-10 
99927 -85.5542 1.22393e-05 -5.53898e-06 -0.0036095 8.3081e-10 
99928 -85.5543 1.22349e-05 -5.53864e-06 -0.00361007 8.31442e-10 
99929 -85.5544 1.22304e-05 -5.5383e-06 -0.00361064 8.32072e-10 
99930 -85.5545 1.22261e-05 -5.53796e-06 -0.00361121 8.32702e-10 
99931 -85.5547 1.22218e-05 -5.53762e-06 -0.00361177 8.33332e-10 
99932 -85.5548 1.22176e-05 -5.53729e-06 -0.00361233 8.3396e-10 
99933 -85.5549 1.22134e-05 -5.53695e-06 -0.00361288 8.34588e-10 
99934 -85.555 1.22093e-05 -5.53662e-06 -0.00361344 8.35215e-10 
99935 -85.5551 1.22052e-05 -5.53629e-06 -0.00361399 8.35841e-10 
99936 -85.5553 1.22012e-05 -5.53596e-06 -0.00361454 8.36467e-10 
99937 -85.5554 1.21973e-05 -5.53563e-06 -0.00361508 8.37092e-10 
99938 -85.5555 1.21934e-05 -5.5353e-06 -0.00361563 8.37716e-10 
99939 -85.5556 1.21895e-05 -5.53497e-06 -0.00361617 8.38339e-10 
99940 -85.5557 1.21857e-05 -5.53465e-06 -0.0036167 8.38962e-10 
99941 -85.5558 1.2182e-05 -5.53432e-06 -0.00361724 8.39584e-10 
99942 -85.556 1.21783e-05 -5.534e-06 -0.00361777 8.40205e-10 
99943 -85.5561 1.21746e-05 -5.53367e-06 -0.0036183 8.40825e-10 
99944 -85.5562 1.2171e-05 -5.53335e-06 -0.00361882 8.41445e-10 
99945 -85.5563 1.21675e-05 -5.53303e-06 -0.00361935 8.42064e-10 
99946 -85.5564 1.2164e-05 -5.53271e-06 -0.00361987 8.42682e-10 
99947 -85.5565 1.21605e-05 -5.53239e-06 -0.00362039 8.43299e-10 
99948 -85.5566 1.21571e-05 -5.53207e-06 -0.0036209 8.43916e-10 
99949 -85.5568 1.21537e-05 -5.53175e-06 -0.00362141 8.44532e-10 
99950 -85.5569 1.21504e-05 -5.53144e-06 -0.00362192 8.45147e-10 
99951 -85.557 1.21471e-05 -5.53112e-06 -0.00362243 8.45762e-10 
99952 -85.5571 1.21438e-05 -5.53081e-06 -0.00362294 8.46375e-10 
99953 -85.5572 1.21406e-05 -5.53049e-06 -0.00362344 8.46988e-10 
99954 -85.5573 1.21374e-05 -5.53018e-06 -0.00362394 8.476e-10 
99955 -85.5574 1.21343e-05 -5.52987e-06 -0.00362444 8.48212e-10 
99956 -85.5575 1.21312e-05 -5.52956e-06 -0.00362493 8.48822e-10 
99957 -85.5576 1.21281e-05 -5.52925e-06 -0.00362542 8.49432e-10 
99958 -85.5578 1.21251e-05 -5.52894e-06 -0.00362591 8.50042e-10 
99959 -85.5579 1.21221e-05 -5.52863e-06 -0.0036264 8.5065e-10 
99960 -85.558 1.21191e-05 -5.52832e-06 -0.00362688 8.51258e-10 
99961 -85.5581 1.21162e-05 -5.52802e-06 -0.00362736 8.51865e-10 
99962 -85.5582 1.21133e-05 -5.52771e-06 -0.00362784 8.52471e-10 
99963 -85.5583 1.21104e-05 -5.52741e-06 -0.00362832 8.53076e-10 
99964 -85.5584 1.21076e-05 -5.5271e-06 -0.00362879 8.53681e-10 
99965 -85.5585 1.21048e-05 -5.5268e-06 -0.00362927 8.54285e-10 
99966 -85.5586 1.2102e-05 -5.5265e-06 -0.00362973 8.54888e-10 
99967 -85.5587 1.20993e-05 -5.5262e-06 -0.0036302 8.5549e-10 
99968 -85.5588 1.20966e-05 -5.5259e-06 -0.00363067 8.56092e-10 
99969 -85.5589 1.20939e-05 -5.5256e-06 -0.00363113 8.56692e-10 
99970 -85.559 1.20912e-05 -5.5253e-06 -0.00363159 8.57292e-10 
99971 -85.5591 1.20886e-05 -5.525e-06 -0.00363205 8.57892e-10 
99972 -85.5592 1.2086e-05 -5.52471e-06 -0.0036325 8.5849e-10 
99973 -85.5593 1.20834e-05 -5.52441e-06 -0.00363295 8.59088e-10 
99974 -85.5594 1.20809e-05 -5.52412e-06 -0.0036334 8.59685e-10 
99975 -85.5595 1.20784e-05 -5.52382e-06 -0.00363385 8.60281e-10 
99976 -85.5597 1.20759e-05 -5.52353e-06 -0.0036343 8.60877e-10 
99977 -85.5598 1.20734e-05 -5.52324e-06 -0.00363474 8.61471e-10 
99978 -85.5599 1.2071e-05 -5.52295e-06 -0.00363518 8.62065e-10 
99979 -85.56 1.20685e-05 -5.52265e-06 -0.00363562 8.62658e-10 
99980 -85.5601 1.20662e-05 -5.52236e-06 -0.00363606 8.63251e-10 
99981 -85.5602 1.20638e-05 -5.52207e-06 -0.00363649 8.63842e-10 
99982 -85.5603 1.20614e-05 -5.52179e-06 -0.00363692 8.64433e-10 
99983 -85.5604 1.20591e-05 -5.5215e-06 -0.00363735 8.65023e-10 
99984 -85.5605 1.20568e-05 -5.52121e-06 -0.00363778 8.65613e-10 
99985 -85.5606 1.20545e-05 -5.52093e-06 -0.0036382 8.66201e-10 
99986 -85.5607 1.20522e-05 -5.52064e-06 -0.00363863 8.66789e-10 
99987 -85.5608 1.205e-05 -5.52036e-06 -0.00363905 8.67376e-10 
99988 -85.5608 1.20478e-05 -5.52007e-06 -0.00363946 8.67962e-10 
99989 -85.5609 1.20456e-05 -5.51979e-06 -0.00363988 8.68547e-10 
99990 -85.561 1.20434e-05 -5.51951e-06 -0.00364029 8.69132e-10 
99991 -85.5611 1.20412e-05 -5.51922e-06 -0.00364071 8.69716e-10 
99992 -85.5612 1.20391e-05 -5.51894e-06 -0.00364112 8.70299e-10 
99993 -85.5613 1.2037e-05 -5.51866e-06 -0.00364152 8.70881e-10 
99994 -85.5614 1.20348e-05 -5.51838e-06 -0.00364193 8.71463e-10 
99995 -85.5615 1.20328e-05 -5.51811e-06 -0.00364233 8.72044e-10 
99996 -85.5616 1.20307e-05 -5.51783e-06 -0.00364273 8.72624e-10 
99997 -85.5617 1.20286e-05 -5.51755e-06 -0.00364313 8.73203e-10 
99998 -85.5618 1.20266e-05 -5.51727e-06 -0.00364353 8.73781e-10 
99999 -85.5619 1.20246e-05 -5.517e-06 -0.00364392 8.74359e-10 
