98950 -85.8931 3.9218e-05 -4.58952e-06 -0.00354754 6.05434e-10 
98951 -85.8931 3.9214e-05 -4.58938e-06 -0.00354768 6.0576e-10 
98952 -85.8932 3.921e-05 -4.58923e-06 -0.00354783 6.06086e-10 
98953 -85.8932 3.9206e-05 -4.58909e-06 -0.00354797 6.06411e-10 
98954 -85.8933 3.9202e-05 -4.58895e-06 -0.00354811 6.06736e-10 
98955 -85.8934 3.9198e-05 -4.58881e-06 -0.00354826 6.0706e-10 
98956 -85.8934 3.9194e-05 -4.58867e-06 -0.0035484 6.07384e-10 
98957 -85.8935 3.91901e-05 -4.58853e-06 -0.00354854 6.07708e-10 
98958 -85.8935 3.91862e-05 -4.58839e-06 -0.00354868 6.08031e-10 
98959 -85.8936 3.91822e-05 -4.58825e-06 -0.00354882 6.08354e-10 
98960 -85.8936 3.91783e-05 -4.58811e-06 -0.00354895 6.08676e-10 
98961 -85.8937 3.91744e-05 -4.58797e-06 -0.00354909 6.08998e-10 
98962 -85.8937 3.91706e-05 -4.58783e-06 -0.00354923 6.09319e-10 
98963 -85.8938 3.91667e-05 -4.58769e-06 -0.00354936 6.0964e-10 
98964 -85.8939 3.91629e-05 -4.58755e-06 -0.0035495 6.09961e-10 
98965 -85.8939 3.9159e-05 -4.58742e-06 -0.00354963 6.10281e-10 
98966 -85.894 3.91552e-05 -4.58728e-06 -0.00354977 6.10601e-10 
98967 -85.894 3.91514e-05 -4.58714e-06 -0.0035499 6.1092e-10 
98968 -85.8941 3.91476e-05 -4.58701e-06 -0.00355003 6.11239e-10 
98969 -85.8941 3.91438e-05 -4.58687e-06 -0.00355017 6.11558e-10 
98970 -85.8942 3.914e-05 -4.58673e-06 -0.0035503 6.11876e-10 
98971 -85.8942 3.91363e-05 -4.5866e-06 -0.00355043 6.12193e-10 
98972 -85.8943 3.91325e-05 -4.58646e-06 -0.00355056 6.1251e-10 
98973 -85.8943 3.91288e-05 -4.58633e-06 -0.00355069 6.12827e-10 
98974 -85.8944 3.91251e-05 -4.5862e-06 -0.00355081 6.13144e-10 
98975 -85.8945 3.91214e-05 -4.58606e-06 -0.00355094 6.1346e-10 
98976 -85.8945 3.91177e-05 -4.58593e-06 -0.00355107 6.13775e-10 
98977 -85.8946 3.9114e-05 -4.5858e-06 -0.00355119 6.1409e-10 
98978 -85.8946 3.91103e-05 -4.58566e-06 -0.00355132 6.14405e-10 
98979 -85.8947 3.91066e-05 -4.58553e-06 -0.00355144 6.14719e-10 
98980 -85.8947 3.9103e-05 -4.5854e-06 -0.00355157 6.15033e-10 
98981 -85.8948 3.90994e-05 -4.58527e-06 -0.00355169 6.15347e-10 
98982 -85.8948 3.90957e-05 -4.58513e-06 -0.00355181 6.1566e-10 
98983 -85.8949 3.90921e-05 -4.585e-06 -0.00355194 6.15972e-10 
98984 -85.8949 3.90885e-05 -4.58487e-06 -0.00355206 6.16284e-10 
98985 -85.895 3.90849e-05 -4.58474e-06 -0.00355218 6.16596e-10 
98986 -85.895 3.90813e-05 -4.58461e-06 -0.0035523 6.16907e-10 
98987 -85.8951 3.90778e-05 -4.58448e-06 -0.00355242 6.17218e-10 
98988 -85.8951 3.90742e-05 -4.58435e-06 -0.00355253 6.17529e-10 
98989 -85.8952 3.90707e-05 -4.58422e-06 -0.00355265 6.17839e-10 
98990 -85.8952 3.90671e-05 -4.58409e-06 -0.00355277 6.18149e-10 
98991 -85.8953 3.90636e-05 -4.58397e-06 -0.00355289 6.18458e-10 
98992 -85.8953 3.90601e-05 -4.58384e-06 -0.003553 6.18767e-10 
98993 -85.8954 3.90566e-05 -4.58371e-06 -0.00355312 6.19075e-10 
98994 -85.8954 3.90531e-05 -4.58358e-06 -0.00355323 6.19383e-10 
98995 -85.8955 3.90496e-05 -4.58345e-06 -0.00355335 6.19691e-10 
98996 -85.8955 3.90462e-05 -4.58333e-06 -0.00355346 6.19998e-10 
98997 -85.8956 3.90427e-05 -4.5832e-06 -0.00355357 6.20304e-10 
98998 -85.8956 3.90393e-05 -4.58307e-06 -0.00355369 6.20611e-10 
98999 -85.8957 3.90358e-05 -4.58295e-06 -0.0035538 6.20917e-10 
99000 -85.8957 3.90324e-05 -4.58282e-06 -0.00355391 6.21222e-10 
99001 18.7295 0.0250872 -240.931 -1.92307 0.0100323 
99002 40.2738 3.8545 -0.00126543 -4.63971 3.35592 
99003 35.5413 4.23545 -2.25075e-08 -5.94467 3.90775 
99004 32.2726 3.58433 -1.18284e-12 -6.60301 3.60648 
99005 30.5757 2.87045 -1.08512e-16 -6.60306 3.15949 
99006 29.846 2.27178 -1.58718e-19 -6.19033 2.74504 
99007 29.5112 1.79972 -7.83124e-21 -5.5048 2.39111 
99008 29.1678 1.43605 -2.10678e-21 -4.65114 2.0857 
99009 28.5594 1.16082 -2.47128e-21 -3.72426 1.81195 
99010 27.6568 0.957908 -3.92563e-21 -3.01388 1.56077 
99011 26.71 0.814221 -6.65417e-21 -2.65848 1.33469 
99012 25.9092 0.716394 -1.06098e-20 -2.48319 1.13851 
99013 25.2878 0.652029 -1.53614e-20 -2.37753 0.972573 
99014 24.8227 0.611302 -2.03388e-20 -2.30397 0.833961 
99015 24.4814 0.586965 -2.50393e-20 -2.24884 0.718548 
99016 24.2353 0.573832 -2.91294e-20 -2.20644 0.622215 
99017 24.0621 0.56825 -3.24423e-20 -2.17456 0.541356 
99018 23.9462 0.567673 -3.49224e-20 -2.15254 0.47302 
99019 23.8768 0.570332 -3.65732e-20 -2.13911 0.414864 
99020 23.8447 0.574995 -3.74564e-20 -2.12944 0.365041 
99021 23.8377 0.580806 -3.77481e-20 -2.11589 0.322052 
99022 23.8405 0.587203 -3.77382e-20 -2.09507 0.284664 
99023 23.8407 0.593866 -3.77103e-20 -2.06959 0.251889 
99024 23.8312 0.600638 -3.7846e-20 -2.04305 0.222973 
99025 23.8091 0.607453 -3.82337e-20 -2.01752 0.197355 
99026 23.7735 0.614286 -3.89118e-20 -1.99386 0.174606 
99027 23.7246 0.62113 -3.98985e-20 -1.97232 0.154385 
99028 23.6629 0.627984 -4.12072e-20 -1.95291 0.136413 
99029 23.589 0.634848 -4.2852e-20 -1.93553 0.120445 
99030 23.5038 0.641725 -4.48506e-20 -1.92007 0.106271 
99031 23.408 0.648616 -4.72255e-20 -1.9064 0.0936996 
99032 23.3024 0.655521 -5.00045e-20 -1.8944 0.0825611 
99033 23.1878 0.662441 -5.32209e-20 -1.88395 0.0727017 
99034 23.0648 0.669374 -5.69136e-20 -1.87494 0.0639829 
99035 22.9341 0.676321 -6.11283e-20 -1.86727 0.0562799 
99036 22.7965 0.683279 -6.59171e-20 -1.86084 0.0494803 
99037 22.6524 0.690247 -7.13396e-20 -1.85556 0.043483 
99038 22.5026 0.697224 -7.74634e-20 -1.85135 0.0381976 
99039 22.3476 0.704208 -8.43647e-20 -1.84812 0.0335429 
99040 22.1878 0.711196 -9.21296e-20 -1.84582 0.0294466 
99041 22.0237 0.718187 -1.00855e-19 -1.84437 0.025844 
99042 21.8558 0.725178 -1.10649e-19 -1.8437 0.0226775 
99043 21.6844 0.732169 -1.21636e-19 -1.84377 0.0198959 
99044 21.5098 0.739158 -1.33951e-19 -1.8445 0.0174538 
99045 21.3325 0.746143 -1.47749e-19 -1.84586 0.0153107 
99046 21.1525 0.753123 -1.63203e-19 -1.8478 0.013431 
99047 20.9703 0.760097 -1.80509e-19 -1.85026 0.011783 
99048 20.786 0.767066 -1.99886e-19 -1.85322 0.0103388 
99049 20.5998 0.774028 -2.21582e-19 -1.85662 0.00907371 
99050 20.4118 0.780984 -2.45877e-19 -1.86043 0.00796588 
99051 20.2221 0.787934 -2.73086e-19 -1.86462 0.00699614 
99052 20.0309 0.794879 -3.03568e-19 -1.86915 0.00614758 
99053 19.8382 0.80182 -3.37729e-19 -1.87399 0.00540531 
99054 19.6441 0.808759 -3.76029e-19 -1.87912 0.00475623 
99055 19.4485 0.815697 -4.18996e-19 -1.88451 0.00418884 
99056 19.2515 0.822637 -4.67228e-19 -1.89013 0.00369302 
99057 19.0531 0.829581 -5.2141e-19 -1.89597 0.00325989 
99058 18.8533 0.836533 -5.82329e-19 -1.90198 0.00288167 
99059 18.6519 0.843494 -6.50884e-19 -1.90817 0.00255152 
99060 18.449 0.850469 -7.28113e-19 -1.9145 0.00226345 
99061 18.2445 0.857462 -8.15212e-19 -1.92097 0.0020122 
99062 18.0382 0.864477 -9.13562e-19 -1.92755 0.00179317 
99063 17.8302 0.871518 -1.02476e-18 -1.93422 0.00160234 
99064 17.6201 0.87859 -1.15067e-18 -1.94098 0.00143616 
99065 17.4081 0.885698 -1.29346e-18 -1.94781 0.00129156 
99066 17.1938 0.892847 -1.45563e-18 -1.95469 0.00116582 
99067 16.9773 0.900044 -1.64016e-18 -1.96163 0.00105659 
99068 16.7582 0.907295 -1.85049e-18 -1.96859 0.000961773 
99069 16.5365 0.914605 -2.09069e-18 -1.97559 0.000879575 
99070 16.312 0.921981 -2.36558e-18 -1.98259 0.000808406 
99071 16.0846 0.92943 -2.68081e-18 -1.98961 0.000746878 
99072 15.854 0.936959 -3.04312e-18 -1.99662 0.00069378 
99073 15.62 0.944576 -3.46052e-18 -2.00362 0.000648049 
99074 15.3825 0.952288 -3.94255e-18 -2.01061 0.000608758 
99075 15.1413 0.960105 -4.50064e-18 -2.01757 0.000575095 
99076 14.896 0.968034 -5.14853e-18 -2.0245 0.00054635 
99077 14.6466 0.976084 -5.90274e-18 -2.03139 0.000521902 
99078 14.3928 0.984265 -6.78329e-18 -2.03823 0.000501208 
99079 14.1342 0.992586 -7.81446e-18 -2.04503 0.000483793 
99080 13.8708 1.00106 -9.02581e-18 -2.05176 0.00046924 
99081 13.6021 1.00969 -1.04535e-17 -2.05843 0.000457185 
99082 13.328 1.0185 -1.2142e-17 -2.06502 0.000447311 
99083 13.0482 1.02748 -1.41461e-17 -2.07153 0.000439336 
99084 12.7622 1.03667 -1.65337e-17 -2.07795 0.000433017 
99085 12.4699 1.04606 -1.93892e-17 -2.08427 0.000428138 
99086 12.1709 1.05568 -2.28183e-17 -2.09047 0.000424513 
99087 11.8648 1.06554 -2.69537e-17 -2.09655 0.000421974 
99088 11.5512 1.07565 -3.19631e-17 -2.1025 0.000420376 
99089 11.2298 1.08602 -3.80594e-17 -2.1083 0.000419592 
99090 10.9001 1.09669 -4.55147e-17 -2.11393 0.000419508 
99091 10.5617 1.10766 -5.46783e-17 -2.11938 0.000420024 
99092 10.2141 1.11895 -6.6002e-17 -2.12463 0.000421051 
99093 9.85686 1.13059 -8.00734e-17 -2.12965 0.000422511 
99094 9.48933 1.14259 -9.76625e-17 -2.13443 0.000424334 
99095 9.11096 1.15499 -1.19785e-16 -2.13893 0.000426455 
99096 8.72113 1.16781 -1.4779e-16 -2.14312 0.00042882 
99097 8.31916 1.18107 -1.83485e-16 -2.14697 0.000431376 
99098 7.90432 1.19481 -2.29311e-16 -2.15044 0.000434076 
99099 7.47583 1.20906 -2.88594e-16 -2.15349 0.000436878 
99100 7.03282 1.22385 -3.65902e-16 -2.15608 0.000439742 
99101 6.57437 1.23923 -4.67575e-16 -2.15814 0.000442631 
99102 6.09948 1.25523 -6.02501e-16 -2.15962 0.000445511 
99103 5.60704 1.27191 -7.83266e-16 -2.16045 0.00044835 
99104 5.09587 1.28931 -1.0279e-15 -2.16056 0.000451116 
99105 4.56466 1.30749 -1.36253e-15 -2.15987 0.000453781 
99106 4.01199 1.32652 -1.82552e-15 -2.15829 0.000456316 
99107 3.4363 1.34645 -2.4739e-15 -2.1557 0.000458697 
99108 2.83588 1.36737 -3.39368e-15 -2.152 0.000460898 
99109 2.20883 1.38935 -4.71657e-15 -2.14704 0.000462897 
99110 1.55307 1.41249 -6.64738e-15 -2.14067 0.000464675 
99111 0.866277 1.43688 -9.5102e-15 -2.13268 0.000466215 
99112 0.145853 1.46266 -1.38272e-14 -2.12283 0.000467504 
99113 -0.611139 1.48993 -2.04563e-14 -2.11083 0.000468535 
99114 -1.40805 1.51884 -3.08376e-14 -2.0963 0.00046931 
99115 -2.24872 1.54956 -4.74445e-14 -2.07877 0.000469837 
99116 -3.13763 1.58227 -7.46324e-14 -2.05764 0.000470138 
99117 -4.08 1.61717 -1.20284e-13 -2.03219 0.000470251 
99118 -5.08198 1.65451 -1.99099e-13 -2.00153 0.000470233 
99119 -6.15083 1.69456 -3.39399e-13 -1.96459 0.000470166 
99120 -7.2951 1.73766 -5.97743e-13 -1.92013 0.000470167 
99121 -8.52486 1.78419 -1.0916e-12 -1.86673 0.000470387 
99122 -9.85187 1.83459 -2.0756e-12 -1.80286 0.000471025 
99123 -11.2898 1.8894 -4.12802e-12 -1.72688 0.000472332 
99124 -12.8541 1.94925 -8.62963e-12 -1.63728 0.000474608 
99125 -14.5625 2.01486 -1.90587e-11 -1.53281 0.000478192 
99126 -16.4338 2.0871 -4.46828e-11 -1.41286 0.000483414 
99127 -18.4884 2.16693 -1.11652e-10 -1.27784 0.000490488 
99128 -20.7465 2.25542 -2.98022e-10 -1.12956 0.000499283 
99129 -23.2278 2.35371 -8.49172e-10 -0.971559 0.000508903 
99130 -25.9498 2.46287 -2.56983e-09 -0.809046 0.000517117 
99131 -28.9279 2.58375 -8.16824e-09 -0.648581 0.000520016 
99132 -32.1751 2.71663 -2.67513e-08 -0.497335 0.000512756 
99133 -35.7031 2.86067 -8.76276e-08 -0.362151 0.000491692 
99134 -39.5242 3.01305 -2.74534e-07 -0.248557 0.000456315 
99135 -43.6524 3.16757 -6.94725e-07 -0.159893 0.000409089 
99136 -48.1004 3.31256 -1.35848e-06 -0.0966049 0.000353805 
99137 -52.8678 3.42794 -2.00554e-06 -0.0555693 0.000294253 
99138 -57.9087 3.48233 -1.95442e-06 -0.0305946 0.000233922 
99139 -63.0779 3.43399 -1.15868e-06 -0.0161654 0.000176344 
99140 -68.0959 3.24244 -5.09731e-07 -0.00850825 0.000125233 
99141 -72.6093 2.8947 -2.39889e-07 -0.00471874 8.37132e-05 
99142 -76.3389 2.43064 -1.48207e-07 -0.00288979 5.3083e-05 
99143 -79.1878 1.93369 -1.18164e-07 -0.00199504 3.24343e-05 
99144 -81.2323 1.48489 -1.11785e-07 -0.00154333 1.94817e-05 
99145 -82.6351 1.12737 -1.18609e-07 -0.00130926 1.17432e-05 
99146 -83.5669 0.866511 -1.35981e-07 -0.00118832 7.24008e-06 
99147 -84.1705 0.687069 -1.63395e-07 -0.00112986 4.63432e-06 
99148 -84.5539 0.567976 -2.00788e-07 -0.0011076 3.10393e-06 
99149 -84.794 0.490157 -2.47878e-07 -0.00110688 2.17432e-06 
99150 -84.9431 0.439149 -3.03959e-07 -0.00111904 1.58247e-06 
99151 -85.0354 0.405019 -3.67941e-07 -0.00113882 1.18568e-06 
99152 -85.0925 0.381334 -4.38509e-07 -0.00116296 9.06638e-07 
99153 -85.128 0.364072 -5.14286e-07 -0.00118946 7.02615e-07 
99154 -85.1502 0.350765 -5.93963e-07 -0.00121707 5.49116e-07 
99155 -85.1641 0.339914 -6.76374e-07 -0.00124505 4.3135e-07 
99156 -85.173 0.33061 -7.60525e-07 -0.00127292 3.39844e-07 
99157 -85.1787 0.322303 -8.45601e-07 -0.00130041 2.68181e-07 
99158 -85.1825 0.314659 -9.30947e-07 -0.00132736 2.11791e-07 
99159 -85.1851 0.307473 -1.01605e-06 -0.00135369 1.67301e-07 
99160 -85.1869 0.30062 -1.10053e-06 -0.00137935 1.32151e-07 
99161 -85.1883 0.294022 -1.18407e-06 -0.00140433 1.04362e-07 
99162 -85.1894 0.287628 -1.26646e-06 -0.00142863 8.23918e-08 
99163 -85.1903 0.281409 -1.34754e-06 -0.00145226 6.50238e-08 
99164 -85.1911 0.275343 -1.42721e-06 -0.00147524 5.12992e-08 
99165 -85.1919 0.269417 -1.50538e-06 -0.00149759 4.04585e-08 
99166 -85.1927 0.263622 -1.58202e-06 -0.00151933 3.19001e-08 
99167 -85.1935 0.25795 -1.65711e-06 -0.0015405 2.51471e-08 
99168 -85.1942 0.252398 -1.73063e-06 -0.00156111 1.98215e-08 
99169 -85.195 0.24696 -1.80261e-06 -0.00158118 1.56241e-08 
99170 -85.1959 0.241634 -1.87306e-06 -0.00160075 1.23176e-08 
99171 -85.1967 0.236417 -1.942e-06 -0.00161983 9.71431e-09 
99172 -85.1976 0.231305 -2.00946e-06 -0.00163844 7.66586e-09 
99173 -85.1986 0.226298 -2.07549e-06 -0.0016566 6.05485e-09 
99174 -85.1995 0.221392 -2.14011e-06 -0.00167434 4.78858e-09 
99175 -85.2005 0.216586 -2.20337e-06 -0.00169167 3.79382e-09 
99176 -85.2016 0.211877 -2.26529e-06 -0.00170861 3.01283e-09 
99177 -85.2027 0.207265 -2.32593e-06 -0.00172518 2.40003e-09 
99178 -85.2038 0.202746 -2.38531e-06 -0.00174138 1.91951e-09 
99179 -85.2049 0.198319 -2.44347e-06 -0.00175725 1.54299e-09 
99180 -85.2061 0.193982 -2.50045e-06 -0.00177278 1.24818e-09 
99181 -85.2074 0.189734 -2.55627e-06 -0.001788 1.01755e-09 
99182 -85.2086 0.185572 -2.61098e-06 -0.00180292 8.37305e-10 
99183 -85.2099 0.181496 -2.66461e-06 -0.00181755 6.96606e-10 
99184 -85.2113 0.177503 -2.71717e-06 -0.00183191 5.86926e-10 
99185 -85.2127 0.173593 -2.7687e-06 -0.00184599 5.0157e-10 
99186 -85.2141 0.169762 -2.81923e-06 -0.00185983 4.35278e-10 
99187 -85.2155 0.166011 -2.86878e-06 -0.00187341 3.83922e-10 
99188 -85.217 0.162337 -2.91737e-06 -0.00188676 3.44265e-10 
99189 -85.2186 0.158739 -2.96502e-06 -0.00189988 3.13764e-10 
99190 -85.2201 0.155215 -3.01177e-06 -0.00191279 2.90428e-10 
99191 -85.2218 0.151764 -3.05762e-06 -0.00192548 2.72696e-10 
99192 -85.2234 0.148385 -3.10259e-06 -0.00193797 2.59344e-10 
99193 -85.2251 0.145076 -3.14671e-06 -0.00195027 2.49414e-10 
99194 -85.2268 0.141836 -3.19e-06 -0.00196238 2.42155e-10 
99195 -85.2286 0.138664 -3.23245e-06 -0.00197431 2.36979e-10 
99196 -85.2304 0.135558 -3.2741e-06 -0.00198606 2.33428e-10 
99197 -85.2322 0.132517 -3.31496e-06 -0.00199764 2.3114e-10 
99198 -85.2341 0.12954 -3.35504e-06 -0.00200906 2.29836e-10 
99199 -85.236 0.126625 -3.39435e-06 -0.00202032 2.29295e-10 
99200 -85.2379 0.123772 -3.43291e-06 -0.00203143 2.29345e-10 
99201 -85.2399 0.120979 -3.47072e-06 -0.00204239 2.29851e-10 
99202 -85.2419 0.118245 -3.50781e-06 -0.00205321 2.30709e-10 
99203 -85.2439 0.115568 -3.54419e-06 -0.00206389 2.31836e-10 
99204 -85.246 0.112949 -3.57985e-06 -0.00207444 2.33169e-10 
99205 -85.2481 0.110385 -3.61483e-06 -0.00208485 2.34658e-10 
99206 -85.2502 0.107876 -3.64911e-06 -0.00209514 2.36262e-10 
99207 -85.2524 0.105421 -3.68273e-06 -0.0021053 2.37953e-10 
99208 -85.2546 0.103018 -3.71568e-06 -0.00211534 2.39706e-10 
99209 -85.2568 0.100666 -3.74797e-06 -0.00212527 2.41502e-10 
99210 -85.259 0.0983652 -3.77962e-06 -0.00213509 2.43327e-10 
99211 -85.2613 0.0961136 -3.81064e-06 -0.00214479 2.4517e-10 
99212 -85.2636 0.0939106 -3.84103e-06 -0.00215439 2.47022e-10 
99213 -85.266 0.0917552 -3.8708e-06 -0.00216388 2.48876e-10 
99214 -85.2684 0.0896464 -3.89996e-06 -0.00217326 2.50727e-10 
99215 -85.2708 0.0875834 -3.92853e-06 -0.00218255 2.52571e-10 
99216 -85.2732 0.0855652 -3.9565e-06 -0.00219175 2.54404e-10 
99217 -85.2756 0.0835909 -3.9839e-06 -0.00220084 2.56223e-10 
99218 -85.2781 0.0816597 -4.01072e-06 -0.00220984 2.58028e-10 
99219 -85.2806 0.0797708 -4.03697e-06 -0.00221876 2.59816e-10 
99220 -85.2831 0.0779232 -4.06267e-06 -0.00222758 2.61587e-10 
99221 -85.2857 0.0761162 -4.08782e-06 -0.00223631 2.63338e-10 
99222 -85.2883 0.0743489 -4.11243e-06 -0.00224497 2.65071e-10 
99223 -85.2909 0.0726206 -4.13651e-06 -0.00225353 2.66784e-10 
99224 -85.2935 0.0709304 -4.16007e-06 -0.00226202 2.68477e-10 
99225 -85.2961 0.0692776 -4.1831e-06 -0.00227042 2.70149e-10 
99226 -85.2988 0.0676615 -4.20564e-06 -0.00227875 2.71801e-10 
99227 -85.3015 0.0660813 -4.22767e-06 -0.00228699 2.73432e-10 
99228 -85.3042 0.0645363 -4.24921e-06 -0.00229517 2.75042e-10 
99229 -85.3069 0.0630257 -4.27026e-06 -0.00230326 2.76632e-10 
99230 -85.3096 0.0615488 -4.29084e-06 -0.00231129 2.78201e-10 
99231 -85.3124 0.0601051 -4.31095e-06 -0.00231924 2.79749e-10 
99232 -85.3151 0.0586937 -4.3306e-06 -0.00232712 2.81276e-10 
99233 -85.3179 0.057314 -4.34979e-06 -0.00233493 2.82783e-10 
99234 -85.3207 0.0559654 -4.36854e-06 -0.00234267 2.8427e-10 
99235 -85.3235 0.0546473 -4.38685e-06 -0.00235035 2.85736e-10 
99236 -85.3264 0.0533589 -4.40472e-06 -0.00235796 2.87182e-10 
99237 -85.3292 0.0520997 -4.42218e-06 -0.0023655 2.88608e-10 
99238 -85.332 0.050869 -4.43921e-06 -0.00237298 2.90015e-10 
99239 -85.3349 0.0496664 -4.45584e-06 -0.00238039 2.91401e-10 
99240 -85.3378 0.048491 -4.47206e-06 -0.00238775 2.92768e-10 
99241 -85.3407 0.0473425 -4.48789e-06 -0.00239504 2.94116e-10 
99242 -85.3436 0.0462203 -4.50333e-06 -0.00240227 2.95444e-10 
99243 -85.3465 0.0451237 -4.51839e-06 -0.00240944 2.96753e-10 
99244 -85.3494 0.0440522 -4.53307e-06 -0.00241655 2.98043e-10 
99245 -85.3523 0.0430054 -4.54739e-06 -0.0024236 2.99315e-10 
99246 -85.3553 0.0419826 -4.56134e-06 -0.0024306 3.00569e-10 
99247 -85.3582 0.0409834 -4.57494e-06 -0.00243754 3.01804e-10 
99248 -85.3611 0.0400073 -4.58819e-06 -0.00244442 3.03021e-10 
99249 -85.3641 0.0390537 -4.60111e-06 -0.00245125 3.0422e-10 
99250 -85.367 0.0381222 -4.61368e-06 -0.00245802 3.05401e-10 
99251 -85.37 0.0372122 -4.62593e-06 -0.00246474 3.06566e-10 
99252 -85.373 0.0363234 -4.63786e-06 -0.00247141 3.07713e-10 
99253 -85.3759 0.0354553 -4.64947e-06 -0.00247802 3.08843e-10 
99254 -85.3789 0.0346074 -4.66077e-06 -0.00248458 3.09956e-10 
99255 -85.3819 0.0337792 -4.67176e-06 -0.00249109 3.11052e-10 
99256 -85.3848 0.0329704 -4.68246e-06 -0.00249755 3.12133e-10 
99257 -85.3878 0.0321806 -4.69287e-06 -0.00250396 3.13197e-10 
99258 -85.3908 0.0314092 -4.70299e-06 -0.00251032 3.14246e-10 
99259 -85.3938 0.0306559 -4.71283e-06 -0.00251664 3.15278e-10 
99260 -85.3967 0.0299203 -4.7224e-06 -0.0025229 3.16296e-10 
99261 -85.3997 0.0292019 -4.7317e-06 -0.00252912 3.17298e-10 
99262 -85.4027 0.0285005 -4.74074e-06 -0.00253528 3.18285e-10 
99263 -85.4057 0.0278157 -4.74952e-06 -0.00254141 3.19258e-10 
99264 -85.4086 0.027147 -4.75804e-06 -0.00254748 3.20216e-10 
99265 -85.4116 0.0264941 -4.76632e-06 -0.00255351 3.2116e-10 
99266 -85.4146 0.0258566 -4.77436e-06 -0.0025595 3.2209e-10 
99267 -85.4175 0.0252342 -4.78216e-06 -0.00256544 3.23006e-10 
99268 -85.4205 0.0246266 -4.78973e-06 -0.00257134 3.23908e-10 
99269 -85.4234 0.0240334 -4.79707e-06 -0.00257719 3.24798e-10 
99270 -85.4264 0.0234544 -4.80419e-06 -0.002583 3.25674e-10 
99271 -85.4293 0.022889 -4.8111e-06 -0.00258877 3.26537e-10 
99272 -85.4322 0.0223372 -4.81779e-06 -0.0025945 3.27388e-10 
99273 -85.4352 0.0217985 -4.82428e-06 -0.00260018 3.28226e-10 
99274 -85.4381 0.0212726 -4.83056e-06 -0.00260583 3.29052e-10 
99275 -85.441 0.0207593 -4.83665e-06 -0.00261143 3.29866e-10 
99276 -85.4439 0.0202583 -4.84254e-06 -0.00261699 3.30668e-10 
99277 -85.4468 0.0197693 -4.84824e-06 -0.00262251 3.31459e-10 
99278 -85.4497 0.019292 -4.85375e-06 -0.002628 3.32238e-10 
99279 -85.4526 0.0188261 -4.85909e-06 -0.00263344 3.33006e-10 
99280 -85.4555 0.0183714 -4.86425e-06 -0.00263885 3.33764e-10 
99281 -85.4583 0.0179276 -4.86923e-06 -0.00264421 3.34511e-10 
99282 -85.4612 0.0174944 -4.87405e-06 -0.00264954 3.35247e-10 
99283 -85.464 0.0170717 -4.8787e-06 -0.00265483 3.35973e-10 
99284 -85.4669 0.0166592 -4.88319e-06 -0.00266009 3.36689e-10 
99285 -85.4697 0.0162565 -4.88752e-06 -0.0026653 3.37395e-10 
99286 -85.4725 0.0158636 -4.8917e-06 -0.00267049 3.38092e-10 
99287 -85.4753 0.0154802 -4.89573e-06 -0.00267563 3.38779e-10 
99288 -85.4781 0.015106 -4.89961e-06 -0.00268074 3.39457e-10 
99289 -85.4809 0.0147408 -4.90335e-06 -0.00268582 3.40126e-10 
99290 -85.4837 0.0143845 -4.90695e-06 -0.00269085 3.40786e-10 
99291 -85.4864 0.0140368 -4.91041e-06 -0.00269586 3.41437e-10 
99292 -85.4892 0.0136974 -4.91374e-06 -0.00270083 3.4208e-10 
99293 -85.4919 0.0133663 -4.91694e-06 -0.00270577 3.42715e-10 
99294 -85.4946 0.0130432 -4.92002e-06 -0.00271067 3.43342e-10 
99295 -85.4973 0.012728 -4.92297e-06 -0.00271554 3.4396e-10 
99296 -85.5 0.0124203 -4.9258e-06 -0.00272038 3.44571e-10 
99297 -85.5027 0.0121202 -4.92851e-06 -0.00272518 3.45175e-10 
99298 -85.5054 0.0118273 -4.9311e-06 -0.00272995 3.45771e-10 
99299 -85.5081 0.0115415 -4.93359e-06 -0.00273469 3.4636e-10 
99300 -85.5107 0.0112626 -4.93596e-06 -0.0027394 3.46941e-10 
99301 -85.5134 0.0109906 -4.93823e-06 -0.00274408 3.47516e-10 
99302 -85.516 0.0107251 -4.9404e-06 -0.00274873 3.48085e-10 
99303 -85.5186 0.0104661 -4.94246e-06 -0.00275334 3.48647e-10 
99304 -85.5212 0.0102134 -4.94442e-06 -0.00275793 3.49202e-10 
99305 -85.5238 0.00996679 -4.94629e-06 -0.00276248 3.49751e-10 
99306 -85.5263 0.00972621 -4.94807e-06 -0.00276701 3.50294e-10 
99307 -85.5289 0.00949148 -4.94975e-06 -0.0027715 3.50831e-10 
99308 -85.5314 0.00926247 -4.95134e-06 -0.00277597 3.51363e-10 
99309 -85.534 0.00903903 -4.95285e-06 -0.0027804 3.51888e-10 
99310 -85.5365 0.00882103 -4.95427e-06 -0.00278481 3.52409e-10 
99311 -85.539 0.00860834 -4.95561e-06 -0.00278919 3.52924e-10 
99312 -85.5415 0.00840083 -4.95687e-06 -0.00279354 3.53433e-10 
99313 -85.5439 0.00819837 -4.95805e-06 -0.00279786 3.53938e-10 
99314 -85.5464 0.00800085 -4.95915e-06 -0.00280216 3.54438e-10 
99315 -85.5488 0.00780814 -4.96018e-06 -0.00280643 3.54933e-10 
99316 -85.5512 0.00762013 -4.96113e-06 -0.00281067 3.55423e-10 
99317 -85.5537 0.0074367 -4.96202e-06 -0.00281488 3.55909e-10 
99318 -85.5561 0.00725775 -4.96284e-06 -0.00281906 3.5639e-10 
99319 -85.5584 0.00708315 -4.96359e-06 -0.00282322 3.56867e-10 
99320 -85.5608 0.00691282 -4.96427e-06 -0.00282736 3.5734e-10 
99321 -85.5632 0.00674663 -4.96489e-06 -0.00283146 3.57809e-10 
99322 -85.5655 0.0065845 -4.96545e-06 -0.00283555 3.58273e-10 
99323 -85.5678 0.00642633 -4.96595e-06 -0.0028396 3.58734e-10 
99324 -85.5701 0.00627201 -4.96639e-06 -0.00284363 3.59192e-10 
99325 -85.5724 0.00612145 -4.96677e-06 -0.00284764 3.59645e-10 
99326 -85.5747 0.00597457 -4.9671e-06 -0.00285162 3.60095e-10 
99327 -85.577 0.00583127 -4.96738e-06 -0.00285557 3.60542e-10 
99328 -85.5792 0.00569146 -4.9676e-06 -0.0028595 3.60985e-10 
99329 -85.5815 0.00555506 -4.96777e-06 -0.00286341 3.61425e-10 
99330 -85.5837 0.00542199 -4.96789e-06 -0.00286729 3.61862e-10 
99331 -85.5859 0.00529217 -4.96796e-06 -0.00287114 3.62296e-10 
99332 -85.5881 0.00516551 -4.96799e-06 -0.00287498 3.62727e-10 
99333 -85.5903 0.00504194 -4.96797e-06 -0.00287879 3.63156e-10 
99334 -85.5924 0.00492138 -4.9679e-06 -0.00288257 3.63581e-10 
99335 -85.5946 0.00480376 -4.96779e-06 -0.00288634 3.64004e-10 
99336 -85.5967 0.00468901 -4.96764e-06 -0.00289008 3.64424e-10 
99337 -85.5988 0.00457705 -4.96745e-06 -0.0028938 3.64842e-10 
99338 -85.6009 0.00446783 -4.96722e-06 -0.00289749 3.65257e-10 
99339 -85.603 0.00436126 -4.96695e-06 -0.00290116 3.6567e-10 
99340 -85.6051 0.00425729 -4.96665e-06 -0.00290481 3.66081e-10 
99341 -85.6072 0.00415586 -4.9663e-06 -0.00290844 3.6649e-10 
99342 -85.6092 0.00405689 -4.96592e-06 -0.00291205 3.66896e-10 
99343 -85.6113 0.00396034 -4.96551e-06 -0.00291563 3.673e-10 
99344 -85.6133 0.00386614 -4.96507e-06 -0.00291919 3.67703e-10 
99345 -85.6153 0.00377423 -4.96459e-06 -0.00292273 3.68103e-10 
99346 -85.6173 0.00368456 -4.96408e-06 -0.00292625 3.68502e-10 
99347 -85.6193 0.00359707 -4.96354e-06 -0.00292975 3.68899e-10 
99348 -85.6212 0.00351171 -4.96297e-06 -0.00293323 3.69294e-10 
99349 -85.6232 0.00342842 -4.96237e-06 -0.00293669 3.69688e-10 
99350 -85.6251 0.00334716 -4.96174e-06 -0.00294012 3.7008e-10 
99351 -85.627 0.00326788 -4.96108e-06 -0.00294354 3.70471e-10 
99352 -85.6289 0.00319053 -4.9604e-06 -0.00294693 3.7086e-10 
99353 -85.6308 0.00311506 -4.9597e-06 -0.00295031 3.71247e-10 
99354 -85.6327 0.00304142 -4.95897e-06 -0.00295366 3.71634e-10 
99355 -85.6346 0.00296957 -4.95821e-06 -0.002957 3.72019e-10 
99356 -85.6364 0.00289946 -4.95743e-06 -0.00296032 3.72403e-10 
99357 -85.6383 0.00283106 -4.95663e-06 -0.00296361 3.72785e-10 
99358 -85.6401 0.00276432 -4.95581e-06 -0.00296689 3.73167e-10 
99359 -85.6419 0.0026992 -4.95497e-06 -0.00297015 3.73547e-10 
99360 -85.6437 0.00263566 -4.95411e-06 -0.00297338 3.73927e-10 
99361 -85.6455 0.00257366 -4.95322e-06 -0.0029766 3.74305e-10 
99362 -85.6473 0.00251316 -4.95232e-06 -0.0029798 3.74682e-10 
99363 -85.649 0.00245413 -4.9514e-06 -0.00298299 3.75059e-10 
99364 -85.6508 0.00239653 -4.95046e-06 -0.00298615 3.75435e-10 
99365 -85.6525 0.00234033 -4.9495e-06 -0.00298929 3.7581e-10 
99366 -85.6542 0.00228549 -4.94853e-06 -0.00299242 3.76184e-10 
99367 -85.656 0.00223198 -4.94754e-06 -0.00299553 3.76557e-10 
99368 -85.6576 0.00217976 -4.94654e-06 -0.00299862 3.7693e-10 
99369 -85.6593 0.00212881 -4.94552e-06 -0.00300169 3.77302e-10 
99370 -85.661 0.00207909 -4.94448e-06 -0.00300475 3.77673e-10 
99371 -85.6627 0.00203058 -4.94343e-06 -0.00300778 3.78044e-10 
99372 -85.6643 0.00198323 -4.94237e-06 -0.0030108 3.78415e-10 
99373 -85.6659 0.00193703 -4.9413e-06 -0.0030138 3.78784e-10 
99374 -85.6676 0.00189195 -4.94021e-06 -0.00301679 3.79154e-10 
99375 -85.6692 0.00184796 -4.93911e-06 -0.00301976 3.79523e-10 
99376 -85.6708 0.00180503 -4.938e-06 -0.00302271 3.79891e-10 
99377 -85.6724 0.00176314 -4.93687e-06 -0.00302564 3.80259e-10 
99378 -85.6739 0.00172225 -4.93574e-06 -0.00302856 3.80627e-10 
99379 -85.6755 0.00168236 -4.9346e-06 -0.00303146 3.80994e-10 
99380 -85.6771 0.00164342 -4.93344e-06 -0.00303434 3.81361e-10 
99381 -85.6786 0.00160543 -4.93228e-06 -0.00303721 3.81728e-10 
99382 -85.6801 0.00156835 -4.93111e-06 -0.00304006 3.82095e-10 
99383 -85.6816 0.00153217 -4.92992e-06 -0.00304289 3.82461e-10 
99384 -85.6831 0.00149685 -4.92873e-06 -0.00304571 3.82827e-10 
99385 -85.6846 0.00146239 -4.92754e-06 -0.00304851 3.83193e-10 
99386 -85.6861 0.00142876 -4.92633e-06 -0.0030513 3.83559e-10 
99387 -85.6876 0.00139593 -4.92512e-06 -0.00305407 3.83925e-10 
99388 -85.6891 0.0013639 -4.9239e-06 -0.00305682 3.8429e-10 
99389 -85.6905 0.00133263 -4.92267e-06 -0.00305956 3.84656e-10 
99390 -85.6919 0.00130212 -4.92144e-06 -0.00306229 3.85022e-10 
99391 -85.6934 0.00127234 -4.9202e-06 -0.00306499 3.85387e-10 
99392 -85.6948 0.00124328 -4.91895e-06 -0.00306769 3.85752e-10 
99393 -85.6962 0.00121491 -4.9177e-06 -0.00307037 3.86118e-10 
99394 -85.6976 0.00118722 -4.91644e-06 -0.00307303 3.86483e-10 
99395 -85.699 0.0011602 -4.91518e-06 -0.00307568 3.86849e-10 
99396 -85.7003 0.00113383 -4.91392e-06 -0.00307831 3.87214e-10 
99397 -85.7017 0.00110809 -4.91265e-06 -0.00308093 3.8758e-10 
99398 -85.7031 0.00108297 -4.91137e-06 -0.00308353 3.87946e-10 
99399 -85.7044 0.00105845 -4.91009e-06 -0.00308612 3.88312e-10 
99400 -85.7057 0.00103451 -4.90881e-06 -0.00308869 3.88678e-10 
99401 -85.7071 0.00101115 -4.90752e-06 -0.00309125 3.89044e-10 
99402 -85.7084 0.000988348 -4.90624e-06 -0.0030938 3.8941e-10 
99403 -85.7097 0.000966091 -4.90494e-06 -0.00309633 3.89777e-10 
99404 -85.711 0.000944367 -4.90365e-06 -0.00309885 3.90143e-10 
99405 -85.7123 0.000923162 -4.90235e-06 -0.00310135 3.9051e-10 
99406 -85.7135 0.000902463 -4.90105e-06 -0.00310384 3.90877e-10 
99407 -85.7148 0.00088226 -4.89975e-06 -0.00310632 3.91244e-10 
99408 -85.716 0.000862538 -4.89845e-06 -0.00310878 3.91612e-10 
99409 -85.7173 0.000843288 -4.89714e-06 -0.00311123 3.91979e-10 
99410 -85.7185 0.000824496 -4.89583e-06 -0.00311366 3.92347e-10 
99411 -85.7198 0.000806153 -4.89453e-06 -0.00311608 3.92715e-10 
99412 -85.721 0.000788248 -4.89322e-06 -0.00311849 3.93084e-10 
99413 -85.7222 0.000770769 -4.89191e-06 -0.00312089 3.93453e-10 
99414 -85.7234 0.000753706 -4.8906e-06 -0.00312327 3.93822e-10 
99415 -85.7246 0.00073705 -4.88928e-06 -0.00312564 3.94191e-10 
99416 -85.7257 0.00072079 -4.88797e-06 -0.00312799 3.94561e-10 
99417 -85.7269 0.000704917 -4.88666e-06 -0.00313033 3.94931e-10 
99418 -85.7281 0.000689422 -4.88535e-06 -0.00313266 3.95301e-10 
99419 -85.7292 0.000674295 -4.88403e-06 -0.00313498 3.95672e-10 
99420 -85.7304 0.000659528 -4.88272e-06 -0.00313728 3.96043e-10 
99421 -85.7315 0.000645112 -4.88141e-06 -0.00313957 3.96414e-10 
99422 -85.7326 0.000631038 -4.8801e-06 -0.00314185 3.96786e-10 
99423 -85.7338 0.000617298 -4.87878e-06 -0.00314412 3.97158e-10 
99424 -85.7349 0.000603884 -4.87747e-06 -0.00314637 3.9753e-10 
99425 -85.736 0.000590788 -4.87616e-06 -0.00314861 3.97903e-10 
99426 -85.7371 0.000578003 -4.87485e-06 -0.00315084 3.98276e-10 
99427 -85.7381 0.000565521 -4.87355e-06 -0.00315306 3.9865e-10 
99428 -85.7392 0.000553335 -4.87224e-06 -0.00315526 3.99024e-10 
99429 -85.7403 0.000541437 -4.87093e-06 -0.00315746 3.99398e-10 
99430 -85.7414 0.000529821 -4.86963e-06 -0.00315964 3.99773e-10 
99431 -85.7424 0.00051848 -4.86833e-06 -0.0031618 4.00148e-10 
99432 -85.7435 0.000507407 -4.86702e-06 -0.00316396 4.00523e-10 
99433 -85.7445 0.000496596 -4.86572e-06 -0.00316611 4.00899e-10 
99434 -85.7455 0.00048604 -4.86443e-06 -0.00316824 4.01276e-10 
99435 -85.7465 0.000475734 -4.86313e-06 -0.00317036 4.01653e-10 
99436 -85.7476 0.000465672 -4.86184e-06 -0.00317247 4.0203e-10 
99437 -85.7486 0.000455846 -4.86054e-06 -0.00317457 4.02407e-10 
99438 -85.7496 0.000446253 -4.85925e-06 -0.00317666 4.02786e-10 
99439 -85.7506 0.000436886 -4.85797e-06 -0.00317874 4.03164e-10 
99440 -85.7515 0.00042774 -4.85668e-06 -0.0031808 4.03543e-10 
99441 -85.7525 0.00041881 -4.8554e-06 -0.00318285 4.03922e-10 
99442 -85.7535 0.000410089 -4.85412e-06 -0.0031849 4.04302e-10 
99443 -85.7544 0.000401575 -4.85284e-06 -0.00318693 4.04683e-10 
99444 -85.7554 0.00039326 -4.85156e-06 -0.00318895 4.05063e-10 
99445 -85.7563 0.000385142 -4.85029e-06 -0.00319096 4.05444e-10 
99446 -85.7573 0.000377214 -4.84902e-06 -0.00319296 4.05826e-10 
99447 -85.7582 0.000369473 -4.84775e-06 -0.00319495 4.06208e-10 
99448 -85.7591 0.000361913 -4.84649e-06 -0.00319692 4.06591e-10 
99449 -85.7601 0.000354531 -4.84523e-06 -0.00319889 4.06974e-10 
99450 -85.761 0.000347323 -4.84397e-06 -0.00320085 4.07357e-10 
99451 -85.7619 0.000340284 -4.84272e-06 -0.00320279 4.07741e-10 
99452 -85.7628 0.00033341 -4.84146e-06 -0.00320473 4.08125e-10 
99453 -85.7637 0.000326697 -4.84022e-06 -0.00320665 4.0851e-10 
99454 -85.7646 0.000320141 -4.83897e-06 -0.00320857 4.08895e-10 
99455 -85.7654 0.00031374 -4.83773e-06 -0.00321047 4.09281e-10 
99456 -85.7663 0.000307488 -4.83649e-06 -0.00321236 4.09667e-10 
99457 -85.7672 0.000301382 -4.83526e-06 -0.00321425 4.10054e-10 
99458 -85.768 0.00029542 -4.83402e-06 -0.00321612 4.10441e-10 
99459 -85.7689 0.000289597 -4.8328e-06 -0.00321798 4.10828e-10 
99460 -85.7697 0.00028391 -4.83157e-06 -0.00321984 4.11216e-10 
99461 -85.7706 0.000278356 -4.83035e-06 -0.00322168 4.11605e-10 
99462 -85.7714 0.000272931 -4.82913e-06 -0.00322352 4.11994e-10 
99463 -85.7722 0.000267634 -4.82792e-06 -0.00322534 4.12383e-10 
99464 -85.7731 0.00026246 -4.82671e-06 -0.00322715 4.12773e-10 
99465 -85.7739 0.000257407 -4.8255e-06 -0.00322896 4.13163e-10 
99466 -85.7747 0.000252472 -4.8243e-06 -0.00323075 4.13554e-10 
99467 -85.7755 0.000247652 -4.8231e-06 -0.00323254 4.13945e-10 
99468 -85.7763 0.000242944 -4.82191e-06 -0.00323431 4.14337e-10 
99469 -85.7771 0.000238346 -4.82071e-06 -0.00323608 4.14729e-10 
99470 -85.7779 0.000233855 -4.81953e-06 -0.00323784 4.15121e-10 
99471 -85.7786 0.000229468 -4.81834e-06 -0.00323959 4.15514e-10 
99472 -85.7794 0.000225184 -4.81716e-06 -0.00324132 4.15908e-10 
99473 -85.7802 0.000220999 -4.81599e-06 -0.00324305 4.16301e-10 
99474 -85.7809 0.000216911 -4.81482e-06 -0.00324477 4.16696e-10 
99475 -85.7817 0.000212919 -4.81365e-06 -0.00324648 4.1709e-10 
99476 -85.7825 0.000209019 -4.81249e-06 -0.00324819 4.17485e-10 
99477 -85.7832 0.00020521 -4.81133e-06 -0.00324988 4.17881e-10 
99478 -85.7839 0.000201489 -4.81017e-06 -0.00325156 4.18277e-10 
99479 -85.7847 0.000197854 -4.80902e-06 -0.00325324 4.18673e-10 
99480 -85.7854 0.000194304 -4.80788e-06 -0.0032549 4.1907e-10 
99481 -85.7861 0.000190836 -4.80674e-06 -0.00325656 4.19468e-10 
99482 -85.7869 0.000187448 -4.8056e-06 -0.00325821 4.19865e-10 
99483 -85.7876 0.000184139 -4.80446e-06 -0.00325985 4.20264e-10 
99484 -85.7883 0.000180906 -4.80333e-06 -0.00326148 4.20662e-10 
99485 -85.789 0.000177748 -4.80221e-06 -0.0032631 4.21061e-10 
99486 -85.7897 0.000174663 -4.80109e-06 -0.00326472 4.21461e-10 
99487 -85.7904 0.00017165 -4.79997e-06 -0.00326632 4.2186e-10 
99488 -85.7911 0.000168706 -4.79886e-06 -0.00326792 4.22261e-10 
99489 -85.7917 0.00016583 -4.79775e-06 -0.00326951 4.22661e-10 
99490 -85.7924 0.00016302 -4.79665e-06 -0.00327109 4.23062e-10 
99491 -85.7931 0.000160275 -4.79555e-06 -0.00327266 4.23464e-10 
99492 -85.7938 0.000157594 -4.79445e-06 -0.00327422 4.23866e-10 
99493 -85.7944 0.000154974 -4.79336e-06 -0.00327578 4.24268e-10 
99494 -85.7951 0.000152415 -4.79227e-06 -0.00327732 4.2467e-10 
99495 -85.7957 0.000149914 -4.79119e-06 -0.00327886 4.25074e-10 
99496 -85.7964 0.000147471 -4.79011e-06 -0.00328039 4.25477e-10 
99497 -85.797 0.000145085 -4.78904e-06 -0.00328191 4.25881e-10 
99498 -85.7977 0.000142753 -4.78797e-06 -0.00328343 4.26285e-10 
99499 -85.7983 0.000140475 -4.78691e-06 -0.00328494 4.2669e-10 
99500 -85.7989 0.000138249 -4.78585e-06 -0.00328643 4.27095e-10 
99501 -85.7996 0.000136074 -4.78479e-06 -0.00328793 4.275e-10 
99502 -85.8002 0.000133949 -4.78374e-06 -0.00328941 4.27906e-10 
99503 -85.8008 0.000131873 -4.78269e-06 -0.00329088 4.28312e-10 
99504 -85.8014 0.000129844 -4.78165e-06 -0.00329235 4.28718e-10 
99505 -85.802 0.000127862 -4.78061e-06 -0.00329381 4.29125e-10 
99506 -85.8026 0.000125926 -4.77958e-06 -0.00329526 4.29532e-10 
99507 -85.8032 0.000124033 -4.77855e-06 -0.00329671 4.2994e-10 
99508 -85.8038 0.000122184 -4.77752e-06 -0.00329815 4.30348e-10 
99509 -85.8044 0.000120377 -4.7765e-06 -0.00329958 4.30756e-10 
99510 -85.805 0.000118612 -4.77549e-06 -0.003301 4.31164e-10 
99511 -85.8056 0.000116887 -4.77447e-06 -0.00330241 4.31573e-10 
99512 -85.8062 0.000115201 -4.77347e-06 -0.00330382 4.31983e-10 
99513 -85.8068 0.000113554 -4.77246e-06 -0.00330522 4.32392e-10 
99514 -85.8073 0.000111944 -4.77147e-06 -0.00330661 4.32802e-10 
99515 -85.8079 0.000110371 -4.77047e-06 -0.003308 4.33212e-10 
99516 -85.8085 0.000108834 -4.76948e-06 -0.00330937 4.33623e-10 
99517 -85.809 0.000107331 -4.7685e-06 -0.00331075 4.34034e-10 
99518 -85.8096 0.000105863 -4.76751e-06 -0.00331211 4.34445e-10 
99519 -85.8101 0.000104429 -4.76654e-06 -0.00331347 4.34857e-10 
99520 -85.8107 0.000103027 -4.76557e-06 -0.00331482 4.35269e-10 
99521 -85.8112 0.000101657 -4.7646e-06 -0.00331616 4.35681e-10 
99522 -85.8118 0.000100318 -4.76363e-06 -0.00331749 4.36093e-10 
99523 -85.8123 9.90088e-05 -4.76268e-06 -0.00331882 4.36506e-10 
99524 -85.8128 9.77298e-05 -4.76172e-06 -0.00332014 4.36919e-10 
99525 -85.8134 9.64799e-05 -4.76077e-06 -0.00332146 4.37333e-10 
99526 -85.8139 9.52582e-05 -4.75982e-06 -0.00332277 4.37746e-10 
99527 -85.8144 9.40642e-05 -4.75888e-06 -0.00332407 4.3816e-10 
99528 -85.8149 9.28972e-05 -4.75794e-06 -0.00332536 4.38575e-10 
99529 -85.8154 9.17566e-05 -4.75701e-06 -0.00332665 4.38989e-10 
99530 -85.8159 9.06417e-05 -4.75608e-06 -0.00332793 4.39404e-10 
99531 -85.8164 8.95521e-05 -4.75516e-06 -0.0033292 4.39819e-10 
99532 -85.8169 8.8487e-05 -4.75424e-06 -0.00333047 4.40235e-10 
99533 -85.8174 8.7446e-05 -4.75332e-06 -0.00333173 4.4065e-10 
99534 -85.8179 8.64284e-05 -4.75241e-06 -0.00333299 4.41066e-10 
99535 -85.8184 8.54338e-05 -4.7515e-06 -0.00333424 4.41482e-10 
99536 -85.8189 8.44616e-05 -4.7506e-06 -0.00333548 4.41899e-10 
99537 -85.8194 8.35112e-05 -4.7497e-06 -0.00333671 4.42316e-10 
99538 -85.8199 8.25822e-05 -4.74881e-06 -0.00333794 4.42732e-10 
99539 -85.8204 8.16741e-05 -4.74792e-06 -0.00333916 4.4315e-10 
99540 -85.8208 8.07864e-05 -4.74703e-06 -0.00334038 4.43567e-10 
99541 -85.8213 7.99186e-05 -4.74615e-06 -0.00334159 4.43985e-10 
99542 -85.8218 7.90703e-05 -4.74527e-06 -0.00334279 4.44403e-10 
99543 -85.8223 7.8241e-05 -4.7444e-06 -0.00334399 4.44821e-10 
99544 -85.8227 7.74302e-05 -4.74353e-06 -0.00334518 4.45239e-10 
99545 -85.8232 7.66376e-05 -4.74266e-06 -0.00334637 4.45658e-10 
99546 -85.8236 7.58628e-05 -4.7418e-06 -0.00334754 4.46077e-10 
99547 -85.8241 7.51052e-05 -4.74094e-06 -0.00334872 4.46496e-10 
99548 -85.8245 7.43646e-05 -4.74009e-06 -0.00334988 4.46915e-10 
99549 -85.825 7.36405e-05 -4.73924e-06 -0.00335104 4.47335e-10 
99550 -85.8254 7.29325e-05 -4.7384e-06 -0.0033522 4.47754e-10 
99551 -85.8259 7.22404e-05 -4.73756e-06 -0.00335335 4.48174e-10 
99552 -85.8263 7.15636e-05 -4.73672e-06 -0.00335449 4.48594e-10 
99553 -85.8267 7.09019e-05 -4.73589e-06 -0.00335563 4.49015e-10 
99554 -85.8272 7.02549e-05 -4.73506e-06 -0.00335676 4.49435e-10 
99555 -85.8276 6.96223e-05 -4.73423e-06 -0.00335788 4.49856e-10 
99556 -85.828 6.90037e-05 -4.73341e-06 -0.003359 4.50277e-10 
99557 -85.8285 6.83989e-05 -4.7326e-06 -0.00336011 4.50698e-10 
99558 -85.8289 6.78075e-05 -4.73179e-06 -0.00336122 4.51119e-10 
99559 -85.8293 6.72291e-05 -4.73098e-06 -0.00336232 4.5154e-10 
99560 -85.8297 6.66636e-05 -4.73017e-06 -0.00336342 4.51962e-10 
99561 -85.8301 6.61105e-05 -4.72937e-06 -0.00336451 4.52384e-10 
99562 -85.8305 6.55697e-05 -4.72858e-06 -0.0033656 4.52806e-10 
99563 -85.8309 6.50409e-05 -4.72778e-06 -0.00336668 4.53228e-10 
99564 -85.8313 6.45237e-05 -4.727e-06 -0.00336775 4.5365e-10 
99565 -85.8317 6.40178e-05 -4.72621e-06 -0.00336882 4.54073e-10 
99566 -85.8321 6.35232e-05 -4.72543e-06 -0.00336988 4.54495e-10 
99567 -85.8325 6.30394e-05 -4.72465e-06 -0.00337094 4.54918e-10 
99568 -85.8329 6.25662e-05 -4.72388e-06 -0.00337199 4.55341e-10 
99569 -85.8333 6.21035e-05 -4.72311e-06 -0.00337304 4.55764e-10 
99570 -85.8337 6.16508e-05 -4.72234e-06 -0.00337408 4.56187e-10 
99571 -85.8341 6.12082e-05 -4.72158e-06 -0.00337511 4.5661e-10 
99572 -85.8345 6.07752e-05 -4.72083e-06 -0.00337615 4.57034e-10 
99573 -85.8348 6.03516e-05 -4.72007e-06 -0.00337717 4.57457e-10 
99574 -85.8352 5.99374e-05 -4.71932e-06 -0.00337819 4.57881e-10 
99575 -85.8356 5.95322e-05 -4.71857e-06 -0.00337921 4.58305e-10 
99576 -85.836 5.91358e-05 -4.71783e-06 -0.00338021 4.58728e-10 
99577 -85.8363 5.8748e-05 -4.71709e-06 -0.00338122 4.59152e-10 
99578 -85.8367 5.83688e-05 -4.71636e-06 -0.00338222 4.59577e-10 
99579 -85.8371 5.79977e-05 -4.71563e-06 -0.00338321 4.60001e-10 
99580 -85.8374 5.76347e-05 -4.7149e-06 -0.0033842 4.60425e-10 
99581 -85.8378 5.72796e-05 -4.71417e-06 -0.00338519 4.6085e-10 
99582 -85.8382 5.69322e-05 -4.71345e-06 -0.00338616 4.61274e-10 
99583 -85.8385 5.65923e-05 -4.71274e-06 -0.00338714 4.61699e-10 
99584 -85.8389 5.62598e-05 -4.71202e-06 -0.00338811 4.62124e-10 
99585 -85.8392 5.59345e-05 -4.71131e-06 -0.00338907 4.62548e-10 
99586 -85.8396 5.56162e-05 -4.71061e-06 -0.00339003 4.62973e-10 
99587 -85.8399 5.53047e-05 -4.7099e-06 -0.00339098 4.63398e-10 
99588 -85.8403 5.5e-05 -4.70921e-06 -0.00339193 4.63823e-10 
99589 -85.8406 5.47018e-05 -4.70851e-06 -0.00339288 4.64248e-10 
99590 -85.8409 5.441e-05 -4.70782e-06 -0.00339382 4.64674e-10 
99591 -85.8413 5.41245e-05 -4.70713e-06 -0.00339475 4.65099e-10 
99592 -85.8416 5.38451e-05 -4.70644e-06 -0.00339568 4.65524e-10 
99593 -85.8419 5.35717e-05 -4.70576e-06 -0.00339661 4.6595e-10 
99594 -85.8423 5.33042e-05 -4.70508e-06 -0.00339753 4.66375e-10 
99595 -85.8426 5.30423e-05 -4.70441e-06 -0.00339844 4.66801e-10 
99596 -85.8429 5.27861e-05 -4.70374e-06 -0.00339935 4.67226e-10 
99597 -85.8432 5.25353e-05 -4.70307e-06 -0.00340026 4.67652e-10 
99598 -85.8436 5.22898e-05 -4.70241e-06 -0.00340116 4.68077e-10 
99599 -85.8439 5.20496e-05 -4.70175e-06 -0.00340206 4.68503e-10 
99600 -85.8442 5.18145e-05 -4.70109e-06 -0.00340295 4.68929e-10 
99601 -85.8445 5.15843e-05 -4.70043e-06 -0.00340384 4.69355e-10 
99602 -85.8448 5.1359e-05 -4.69978e-06 -0.00340472 4.6978e-10 
99603 -85.8451 5.11385e-05 -4.69914e-06 -0.0034056 4.70206e-10 
99604 -85.8455 5.09227e-05 -4.69849e-06 -0.00340647 4.70632e-10 
99605 -85.8458 5.07113e-05 -4.69785e-06 -0.00340734 4.71058e-10 
99606 -85.8461 5.05045e-05 -4.69721e-06 -0.00340821 4.71484e-10 
99607 -85.8464 5.0302e-05 -4.69658e-06 -0.00340907 4.7191e-10 
99608 -85.8467 5.01037e-05 -4.69595e-06 -0.00340993 4.72336e-10 
99609 -85.847 4.99096e-05 -4.69532e-06 -0.00341078 4.72762e-10 
99610 -85.8473 4.97196e-05 -4.6947e-06 -0.00341163 4.73188e-10 
99611 -85.8476 4.95335e-05 -4.69407e-06 -0.00341247 4.73614e-10 
99612 -85.8479 4.93513e-05 -4.69346e-06 -0.00341331 4.74039e-10 
99613 -85.8482 4.91729e-05 -4.69284e-06 -0.00341414 4.74465e-10 
99614 -85.8484 4.89982e-05 -4.69223e-06 -0.00341498 4.74891e-10 
99615 -85.8487 4.88272e-05 -4.69162e-06 -0.0034158 4.75317e-10 
99616 -85.849 4.86597e-05 -4.69101e-06 -0.00341662 4.75743e-10 
99617 -85.8493 4.84956e-05 -4.69041e-06 -0.00341744 4.76169e-10 
99618 -85.8496 4.8335e-05 -4.68981e-06 -0.00341826 4.76595e-10 
99619 -85.8499 4.81776e-05 -4.68922e-06 -0.00341907 4.77021e-10 
99620 -85.8501 4.80235e-05 -4.68862e-06 -0.00341987 4.77447e-10 
99621 -85.8504 4.78726e-05 -4.68803e-06 -0.00342067 4.77873e-10 
99622 -85.8507 4.77248e-05 -4.68745e-06 -0.00342147 4.78298e-10 
99623 -85.851 4.758e-05 -4.68686e-06 -0.00342226 4.78724e-10 
99624 -85.8512 4.74382e-05 -4.68628e-06 -0.00342305 4.7915e-10 
99625 -85.8515 4.72992e-05 -4.6857e-06 -0.00342384 4.79576e-10 
99626 -85.8518 4.71631e-05 -4.68513e-06 -0.00342462 4.80001e-10 
99627 -85.8521 4.70298e-05 -4.68455e-06 -0.0034254 4.80427e-10 
99628 -85.8523 4.68991e-05 -4.68398e-06 -0.00342617 4.80852e-10 
99629 -85.8526 4.67711e-05 -4.68342e-06 -0.00342694 4.81278e-10 
99630 -85.8528 4.66457e-05 -4.68285e-06 -0.0034277 4.81703e-10 
99631 -85.8531 4.65229e-05 -4.68229e-06 -0.00342847 4.82129e-10 
99632 -85.8534 4.64025e-05 -4.68174e-06 -0.00342922 4.82554e-10 
99633 -85.8536 4.62845e-05 -4.68118e-06 -0.00342998 4.8298e-10 
99634 -85.8539 4.61689e-05 -4.68063e-06 -0.00343073 4.83405e-10 
99635 -85.8541 4.60556e-05 -4.68008e-06 -0.00343147 4.8383e-10 
99636 -85.8544 4.59446e-05 -4.67953e-06 -0.00343222 4.84255e-10 
99637 -85.8546 4.58358e-05 -4.67899e-06 -0.00343295 4.8468e-10 
99638 -85.8549 4.57291e-05 -4.67845e-06 -0.00343369 4.85105e-10 
99639 -85.8551 4.56246e-05 -4.67791e-06 -0.00343442 4.8553e-10 
99640 -85.8554 4.55221e-05 -4.67738e-06 -0.00343515 4.85955e-10 
99641 -85.8556 4.54217e-05 -4.67684e-06 -0.00343587 4.86379e-10 
99642 -85.8559 4.53232e-05 -4.67631e-06 -0.00343659 4.86804e-10 
99643 -85.8561 4.52267e-05 -4.67579e-06 -0.00343731 4.87229e-10 
99644 -85.8564 4.51321e-05 -4.67526e-06 -0.00343802 4.87653e-10 
99645 -85.8566 4.50393e-05 -4.67474e-06 -0.00343873 4.88077e-10 
99646 -85.8568 4.49484e-05 -4.67422e-06 -0.00343943 4.88502e-10 
99647 -85.8571 4.48592e-05 -4.67371e-06 -0.00344014 4.88926e-10 
99648 -85.8573 4.47717e-05 -4.67319e-06 -0.00344084 4.8935e-10 
99649 -85.8575 4.4686e-05 -4.67268e-06 -0.00344153 4.89774e-10 
99650 -85.8578 4.46019e-05 -4.67217e-06 -0.00344222 4.90198e-10 
99651 -85.858 4.45194e-05 -4.67167e-06 -0.00344291 4.90622e-10 
99652 -85.8582 4.44385e-05 -4.67116e-06 -0.00344359 4.91045e-10 
99653 -85.8585 4.43592e-05 -4.67066e-06 -0.00344427 4.91469e-10 
99654 -85.8587 4.42814e-05 -4.67017e-06 -0.00344495 4.91892e-10 
99655 -85.8589 4.42051e-05 -4.66967e-06 -0.00344562 4.92315e-10 
99656 -85.8591 4.41302e-05 -4.66918e-06 -0.00344629 4.92739e-10 
99657 -85.8593 4.40568e-05 -4.66869e-06 -0.00344696 4.93162e-10 
99658 -85.8596 4.39847e-05 -4.6682e-06 -0.00344763 4.93585e-10 
99659 -85.8598 4.3914e-05 -4.66771e-06 -0.00344829 4.94007e-10 
99660 -85.86 4.38446e-05 -4.66723e-06 -0.00344894 4.9443e-10 
99661 -85.8602 4.37766e-05 -4.66675e-06 -0.0034496 4.94853e-10 
99662 -85.8604 4.37098e-05 -4.66627e-06 -0.00345025 4.95275e-10 
99663 -85.8607 4.36443e-05 -4.6658e-06 -0.00345089 4.95697e-10 
99664 -85.8609 4.35799e-05 -4.66532e-06 -0.00345154 4.96119e-10 
99665 -85.8611 4.35168e-05 -4.66485e-06 -0.00345218 4.96541e-10 
99666 -85.8613 4.34549e-05 -4.66438e-06 -0.00345281 4.96963e-10 
99667 -85.8615 4.3394e-05 -4.66392e-06 -0.00345345 4.97385e-10 
99668 -85.8617 4.33344e-05 -4.66345e-06 -0.00345408 4.97807e-10 
99669 -85.8619 4.32758e-05 -4.66299e-06 -0.00345471 4.98228e-10 
99670 -85.8621 4.32182e-05 -4.66253e-06 -0.00345533 4.98649e-10 
99671 -85.8623 4.31618e-05 -4.66208e-06 -0.00345595 4.9907e-10 
99672 -85.8625 4.31063e-05 -4.66162e-06 -0.00345657 4.99491e-10 
99673 -85.8627 4.30519e-05 -4.66117e-06 -0.00345718 4.99912e-10 
99674 -85.8629 4.29984e-05 -4.66072e-06 -0.00345779 5.00333e-10 
99675 -85.8631 4.29459e-05 -4.66028e-06 -0.0034584 5.00753e-10 
99676 -85.8633 4.28943e-05 -4.65983e-06 -0.00345901 5.01173e-10 
99677 -85.8635 4.28437e-05 -4.65939e-06 -0.00345961 5.01593e-10 
99678 -85.8637 4.2794e-05 -4.65895e-06 -0.00346021 5.02013e-10 
99679 -85.8639 4.27451e-05 -4.65851e-06 -0.00346081 5.02433e-10 
99680 -85.8641 4.26971e-05 -4.65807e-06 -0.0034614 5.02853e-10 
99681 -85.8643 4.265e-05 -4.65764e-06 -0.00346199 5.03272e-10 
99682 -85.8645 4.26036e-05 -4.65721e-06 -0.00346258 5.03691e-10 
99683 -85.8647 4.25581e-05 -4.65678e-06 -0.00346316 5.0411e-10 
99684 -85.8649 4.25134e-05 -4.65635e-06 -0.00346374 5.04529e-10 
99685 -85.8651 4.24695e-05 -4.65592e-06 -0.00346432 5.04948e-10 
99686 -85.8652 4.24263e-05 -4.6555e-06 -0.00346489 5.05366e-10 
99687 -85.8654 4.23839e-05 -4.65508e-06 -0.00346547 5.05785e-10 
99688 -85.8656 4.23422e-05 -4.65466e-06 -0.00346604 5.06203e-10 
99689 -85.8658 4.23012e-05 -4.65425e-06 -0.0034666 5.06621e-10 
99690 -85.866 4.22609e-05 -4.65383e-06 -0.00346717 5.07038e-10 
99691 -85.8662 4.22213e-05 -4.65342e-06 -0.00346773 5.07456e-10 
99692 -85.8663 4.21823e-05 -4.65301e-06 -0.00346829 5.07873e-10 
99693 -85.8665 4.2144e-05 -4.6526e-06 -0.00346884 5.0829e-10 
99694 -85.8667 4.21064e-05 -4.65219e-06 -0.00346939 5.08707e-10 
99695 -85.8669 4.20694e-05 -4.65179e-06 -0.00346994 5.09124e-10 
99696 -85.8671 4.2033e-05 -4.65139e-06 -0.00347049 5.0954e-10 
99697 -85.8672 4.19972e-05 -4.65099e-06 -0.00347103 5.09957e-10 
99698 -85.8674 4.1962e-05 -4.65059e-06 -0.00347157 5.10373e-10 
99699 -85.8676 4.19273e-05 -4.65019e-06 -0.00347211 5.10788e-10 
99700 -85.8678 4.18933e-05 -4.6498e-06 -0.00347265 5.11204e-10 
99701 -85.8679 4.18598e-05 -4.6494e-06 -0.00347318 5.11619e-10 
99702 -85.8681 4.18268e-05 -4.64901e-06 -0.00347371 5.12035e-10 
99703 -85.8683 4.17944e-05 -4.64863e-06 -0.00347424 5.1245e-10 
99704 -85.8684 4.17624e-05 -4.64824e-06 -0.00347476 5.12864e-10 
99705 -85.8686 4.1731e-05 -4.64785e-06 -0.00347529 5.13279e-10 
99706 -85.8688 4.17001e-05 -4.64747e-06 -0.00347581 5.13693e-10 
99707 -85.8689 4.16697e-05 -4.64709e-06 -0.00347632 5.14107e-10 
99708 -85.8691 4.16398e-05 -4.64671e-06 -0.00347684 5.14521e-10 
99709 -85.8693 4.16103e-05 -4.64633e-06 -0.00347735 5.14935e-10 
99710 -85.8694 4.15813e-05 -4.64596e-06 -0.00347786 5.15348e-10 
99711 -85.8696 4.15528e-05 -4.64559e-06 -0.00347836 5.15761e-10 
99712 -85.8697 4.15246e-05 -4.64521e-06 -0.00347887 5.16174e-10 
99713 -85.8699 4.1497e-05 -4.64484e-06 -0.00347937 5.16586e-10 
99714 -85.8701 4.14697e-05 -4.64448e-06 -0.00347987 5.16999e-10 
99715 -85.8702 4.14429e-05 -4.64411e-06 -0.00348036 5.17411e-10 
99716 -85.8704 4.14164e-05 -4.64375e-06 -0.00348086 5.17823e-10 
99717 -85.8705 4.13904e-05 -4.64338e-06 -0.00348135 5.18234e-10 
99718 -85.8707 4.13647e-05 -4.64302e-06 -0.00348184 5.18646e-10 
99719 -85.8708 4.13395e-05 -4.64266e-06 -0.00348232 5.19057e-10 
99720 -85.871 4.13146e-05 -4.64231e-06 -0.00348281 5.19468e-10 
99721 -85.8712 4.12901e-05 -4.64195e-06 -0.00348329 5.19879e-10 
99722 -85.8713 4.12659e-05 -4.6416e-06 -0.00348377 5.20289e-10 
99723 -85.8715 4.12421e-05 -4.64125e-06 -0.00348424 5.20699e-10 
99724 -85.8716 4.12187e-05 -4.64089e-06 -0.00348472 5.21109e-10 
99725 -85.8718 4.11956e-05 -4.64055e-06 -0.00348519 5.21518e-10 
99726 -85.8719 4.11728e-05 -4.6402e-06 -0.00348566 5.21928e-10 
99727 -85.8721 4.11503e-05 -4.63985e-06 -0.00348613 5.22337e-10 
99728 -85.8722 4.11282e-05 -4.63951e-06 -0.00348659 5.22746e-10 
99729 -85.8724 4.11064e-05 -4.63917e-06 -0.00348705 5.23154e-10 
99730 -85.8725 4.10848e-05 -4.63883e-06 -0.00348751 5.23562e-10 
99731 -85.8726 4.10636e-05 -4.63849e-06 -0.00348797 5.2397e-10 
99732 -85.8728 4.10427e-05 -4.63815e-06 -0.00348842 5.24378e-10 
99733 -85.8729 4.10221e-05 -4.63782e-06 -0.00348888 5.24786e-10 
99734 -85.8731 4.10017e-05 -4.63748e-06 -0.00348933 5.25193e-10 
99735 -85.8732 4.09817e-05 -4.63715e-06 -0.00348977 5.256e-10 
99736 -85.8734 4.09619e-05 -4.63682e-06 -0.00349022 5.26006e-10 
99737 -85.8735 4.09424e-05 -4.63649e-06 -0.00349066 5.26413e-10 
99738 -85.8736 4.09231e-05 -4.63616e-06 -0.0034911 5.26819e-10 
99739 -85.8738 4.09041e-05 -4.63584e-06 -0.00349154 5.27224e-10 
99740 -85.8739 4.08853e-05 -4.63551e-06 -0.00349198 5.2763e-10 
99741 -85.8741 4.08668e-05 -4.63519e-06 -0.00349242 5.28035e-10 
99742 -85.8742 4.08486e-05 -4.63487e-06 -0.00349285 5.2844e-10 
99743 -85.8743 4.08306e-05 -4.63455e-06 -0.00349328 5.28845e-10 
99744 -85.8745 4.08128e-05 -4.63423e-06 -0.00349371 5.29249e-10 
99745 -85.8746 4.07952e-05 -4.63392e-06 -0.00349413 5.29653e-10 
99746 -85.8747 4.07779e-05 -4.6336e-06 -0.00349455 5.30057e-10 
99747 -85.8749 4.07608e-05 -4.63329e-06 -0.00349498 5.3046e-10 
99748 -85.875 4.07439e-05 -4.63298e-06 -0.0034954 5.30863e-10 
99749 -85.8751 4.07272e-05 -4.63266e-06 -0.00349581 5.31266e-10 
99750 -85.8753 4.07107e-05 -4.63236e-06 -0.00349623 5.31669e-10 
99751 -85.8754 4.06945e-05 -4.63205e-06 -0.00349664 5.32071e-10 
99752 -85.8755 4.06784e-05 -4.63174e-06 -0.00349705 5.32473e-10 
99753 -85.8757 4.06625e-05 -4.63144e-06 -0.00349746 5.32874e-10 
99754 -85.8758 4.06469e-05 -4.63113e-06 -0.00349787 5.33276e-10 
99755 -85.8759 4.06314e-05 -4.63083e-06 -0.00349827 5.33677e-10 
99756 -85.876 4.06161e-05 -4.63053e-06 -0.00349867 5.34077e-10 
99757 -85.8762 4.0601e-05 -4.63023e-06 -0.00349907 5.34478e-10 
99758 -85.8763 4.05861e-05 -4.62993e-06 -0.00349947 5.34878e-10 
99759 -85.8764 4.05713e-05 -4.62964e-06 -0.00349987 5.35278e-10 
99760 -85.8765 4.05567e-05 -4.62934e-06 -0.00350026 5.35677e-10 
99761 -85.8767 4.05423e-05 -4.62905e-06 -0.00350065 5.36076e-10 
99762 -85.8768 4.05281e-05 -4.62875e-06 -0.00350105 5.36475e-10 
99763 -85.8769 4.0514e-05 -4.62846e-06 -0.00350143 5.36874e-10 
99764 -85.877 4.05001e-05 -4.62817e-06 -0.00350182 5.37272e-10 
99765 -85.8772 4.04863e-05 -4.62789e-06 -0.0035022 5.3767e-10 
99766 -85.8773 4.04727e-05 -4.6276e-06 -0.00350259 5.38067e-10 
99767 -85.8774 4.04593e-05 -4.62731e-06 -0.00350297 5.38465e-10 
99768 -85.8775 4.0446e-05 -4.62703e-06 -0.00350335 5.38862e-10 
99769 -85.8776 4.04328e-05 -4.62675e-06 -0.00350372 5.39258e-10 
99770 -85.8778 4.04198e-05 -4.62646e-06 -0.0035041 5.39654e-10 
99771 -85.8779 4.04069e-05 -4.62618e-06 -0.00350447 5.4005e-10 
99772 -85.878 4.03942e-05 -4.6259e-06 -0.00350484 5.40446e-10 
99773 -85.8781 4.03816e-05 -4.62563e-06 -0.00350521 5.40841e-10 
99774 -85.8782 4.03692e-05 -4.62535e-06 -0.00350558 5.41236e-10 
99775 -85.8783 4.03568e-05 -4.62507e-06 -0.00350594 5.41631e-10 
99776 -85.8785 4.03447e-05 -4.6248e-06 -0.0035063 5.42025e-10 
99777 -85.8786 4.03326e-05 -4.62453e-06 -0.00350667 5.42419e-10 
99778 -85.8787 4.03207e-05 -4.62425e-06 -0.00350702 5.42813e-10 
99779 -85.8788 4.03088e-05 -4.62398e-06 -0.00350738 5.43206e-10 
99780 -85.8789 4.02972e-05 -4.62371e-06 -0.00350774 5.43599e-10 
99781 -85.879 4.02856e-05 -4.62345e-06 -0.00350809 5.43992e-10 
99782 -85.8791 4.02741e-05 -4.62318e-06 -0.00350844 5.44384e-10 
99783 -85.8792 4.02628e-05 -4.62291e-06 -0.00350879 5.44776e-10 
99784 -85.8794 4.02516e-05 -4.62265e-06 -0.00350914 5.45167e-10 
99785 -85.8795 4.02405e-05 -4.62239e-06 -0.00350949 5.45559e-10 
99786 -85.8796 4.02295e-05 -4.62212e-06 -0.00350984 5.4595e-10 
99787 -85.8797 4.02186e-05 -4.62186e-06 -0.00351018 5.4634e-10 
99788 -85.8798 4.02078e-05 -4.6216e-06 -0.00351052 5.4673e-10 
99789 -85.8799 4.01971e-05 -4.62134e-06 -0.00351086 5.4712e-10 
99790 -85.88 4.01865e-05 -4.62109e-06 -0.0035112 5.4751e-10 
99791 -85.8801 4.0176e-05 -4.62083e-06 -0.00351153 5.47899e-10 
99792 -85.8802 4.01656e-05 -4.62057e-06 -0.00351187 5.48288e-10 
99793 -85.8803 4.01554e-05 -4.62032e-06 -0.0035122 5.48676e-10 
99794 -85.8804 4.01452e-05 -4.62007e-06 -0.00351253 5.49065e-10 
99795 -85.8805 4.01351e-05 -4.61981e-06 -0.00351286 5.49452e-10 
99796 -85.8806 4.01251e-05 -4.61956e-06 -0.00351319 5.4984e-10 
99797 -85.8807 4.01152e-05 -4.61931e-06 -0.00351352 5.50227e-10 
99798 -85.8808 4.01054e-05 -4.61907e-06 -0.00351384 5.50614e-10 
99799 -85.8809 4.00956e-05 -4.61882e-06 -0.00351416 5.51e-10 
99800 -85.881 4.0086e-05 -4.61857e-06 -0.00351448 5.51386e-10 
99801 -85.8812 4.00764e-05 -4.61833e-06 -0.0035148 5.51772e-10 
99802 -85.8813 4.0067e-05 -4.61808e-06 -0.00351512 5.52157e-10 
99803 -85.8814 4.00576e-05 -4.61784e-06 -0.00351544 5.52542e-10 
99804 -85.8815 4.00483e-05 -4.6176e-06 -0.00351575 5.52926e-10 
99805 -85.8816 4.0039e-05 -4.61735e-06 -0.00351606 5.53311e-10 
99806 -85.8817 4.00299e-05 -4.61711e-06 -0.00351638 5.53695e-10 
99807 -85.8818 4.00208e-05 -4.61687e-06 -0.00351669 5.54078e-10 
99808 -85.8819 4.00118e-05 -4.61664e-06 -0.00351699 5.54461e-10 
99809 -85.882 4.00029e-05 -4.6164e-06 -0.0035173 5.54844e-10 
99810 -85.882 3.99941e-05 -4.61616e-06 -0.00351761 5.55226e-10 
99811 -85.8821 3.99853e-05 -4.61593e-06 -0.00351791 5.55608e-10 
99812 -85.8822 3.99766e-05 -4.61569e-06 -0.00351821 5.5599e-10 
99813 -85.8823 3.9968e-05 -4.61546e-06 -0.00351851 5.56371e-10 
99814 -85.8824 3.99594e-05 -4.61523e-06 -0.00351881 5.56752e-10 
99815 -85.8825 3.99509e-05 -4.615e-06 -0.00351911 5.57133e-10 
99816 -85.8826 3.99425e-05 -4.61477e-06 -0.0035194 5.57513e-10 
99817 -85.8827 3.99342e-05 -4.61454e-06 -0.0035197 5.57893e-10 
99818 -85.8828 3.99259e-05 -4.61431e-06 -0.00351999 5.58272e-10 
99819 -85.8829 3.99177e-05 -4.61408e-06 -0.00352028 5.58651e-10 
99820 -85.883 3.99095e-05 -4.61385e-06 -0.00352057 5.5903e-10 
99821 -85.8831 3.99014e-05 -4.61363e-06 -0.00352086 5.59409e-10 
99822 -85.8832 3.98934e-05 -4.6134e-06 -0.00352114 5.59786e-10 
99823 -85.8833 3.98854e-05 -4.61318e-06 -0.00352143 5.60164e-10 
99824 -85.8834 3.98775e-05 -4.61296e-06 -0.00352171 5.60541e-10 
99825 -85.8835 3.98697e-05 -4.61273e-06 -0.00352199 5.60918e-10 
99826 -85.8836 3.98619e-05 -4.61251e-06 -0.00352228 5.61295e-10 
99827 -85.8836 3.98542e-05 -4.61229e-06 -0.00352255 5.61671e-10 
99828 -85.8837 3.98465e-05 -4.61207e-06 -0.00352283 5.62046e-10 
99829 -85.8838 3.98389e-05 -4.61186e-06 -0.00352311 5.62422e-10 
99830 -85.8839 3.98313e-05 -4.61164e-06 -0.00352338 5.62797e-10 
99831 -85.884 3.98238e-05 -4.61142e-06 -0.00352366 5.63171e-10 
99832 -85.8841 3.98164e-05 -4.61121e-06 -0.00352393 5.63545e-10 
99833 -85.8842 3.9809e-05 -4.61099e-06 -0.0035242 5.63919e-10 
99834 -85.8843 3.98016e-05 -4.61078e-06 -0.00352447 5.64293e-10 
99835 -85.8844 3.97943e-05 -4.61056e-06 -0.00352474 5.64666e-10 
99836 -85.8844 3.97871e-05 -4.61035e-06 -0.003525 5.65038e-10 
99837 -85.8845 3.97799e-05 -4.61014e-06 -0.00352527 5.6541e-10 
99838 -85.8846 3.97728e-05 -4.60993e-06 -0.00352553 5.65782e-10 
99839 -85.8847 3.97657e-05 -4.60972e-06 -0.0035258 5.66154e-10 
99840 -85.8848 3.97586e-05 -4.60951e-06 -0.00352606 5.66525e-10 
99841 -85.8849 3.97516e-05 -4.6093e-06 -0.00352632 5.66896e-10 
99842 -85.885 3.97447e-05 -4.6091e-06 -0.00352657 5.67266e-10 
99843 -85.885 3.97378e-05 -4.60889e-06 -0.00352683 5.67636e-10 
99844 -85.8851 3.97309e-05 -4.60868e-06 -0.00352709 5.68005e-10 
99845 -85.8852 3.97241e-05 -4.60848e-06 -0.00352734 5.68375e-10 
99846 -85.8853 3.97173e-05 -4.60828e-06 -0.00352759 5.68743e-10 
99847 -85.8854 3.97106e-05 -4.60807e-06 -0.00352785 5.69112e-10 
99848 -85.8855 3.97039e-05 -4.60787e-06 -0.0035281 5.6948e-10 
99849 -85.8855 3.96973e-05 -4.60767e-06 -0.00352835 5.69847e-10 
99850 -85.8856 3.96907e-05 -4.60747e-06 -0.00352859 5.70214e-10 
99851 -85.8857 3.96841e-05 -4.60727e-06 -0.00352884 5.70581e-10 
99852 -85.8858 3.96776e-05 -4.60707e-06 -0.00352909 5.70948e-10 
99853 -85.8859 3.96712e-05 -4.60687e-06 -0.00352933 5.71314e-10 
99854 -85.8859 3.96647e-05 -4.60667e-06 -0.00352957 5.71679e-10 
99855 -85.886 3.96584e-05 -4.60648e-06 -0.00352981 5.72045e-10 
99856 -85.8861 3.9652e-05 -4.60628e-06 -0.00353005 5.72409e-10 
99857 -85.8862 3.96457e-05 -4.60608e-06 -0.00353029 5.72774e-10 
99858 -85.8863 3.96394e-05 -4.60589e-06 -0.00353053 5.73138e-10 
99859 -85.8863 3.96332e-05 -4.60569e-06 -0.00353077 5.73502e-10 
99860 -85.8864 3.9627e-05 -4.6055e-06 -0.003531 5.73865e-10 
99861 -85.8865 3.96208e-05 -4.60531e-06 -0.00353124 5.74228e-10 
99862 -85.8866 3.96147e-05 -4.60512e-06 -0.00353147 5.7459e-10 
99863 -85.8867 3.96086e-05 -4.60493e-06 -0.0035317 5.74952e-10 
99864 -85.8867 3.96026e-05 -4.60474e-06 -0.00353193 5.75314e-10 
99865 -85.8868 3.95966e-05 -4.60455e-06 -0.00353216 5.75675e-10 
99866 -85.8869 3.95906e-05 -4.60436e-06 -0.00353239 5.76036e-10 
99867 -85.887 3.95846e-05 -4.60417e-06 -0.00353261 5.76396e-10 
99868 -85.887 3.95787e-05 -4.60398e-06 -0.00353284 5.76756e-10 
99869 -85.8871 3.95728e-05 -4.60379e-06 -0.00353306 5.77116e-10 
99870 -85.8872 3.9567e-05 -4.60361e-06 -0.00353329 5.77475e-10 
99871 -85.8873 3.95612e-05 -4.60342e-06 -0.00353351 5.77834e-10 
99872 -85.8873 3.95554e-05 -4.60324e-06 -0.00353373 5.78192e-10 
99873 -85.8874 3.95496e-05 -4.60305e-06 -0.00353395 5.78551e-10 
99874 -85.8875 3.95439e-05 -4.60287e-06 -0.00353417 5.78908e-10 
99875 -85.8876 3.95382e-05 -4.60269e-06 -0.00353439 5.79265e-10 
99876 -85.8876 3.95326e-05 -4.6025e-06 -0.0035346 5.79622e-10 
99877 -85.8877 3.9527e-05 -4.60232e-06 -0.00353482 5.79979e-10 
99878 -85.8878 3.95214e-05 -4.60214e-06 -0.00353503 5.80335e-10 
99879 -85.8879 3.95158e-05 -4.60196e-06 -0.00353524 5.8069e-10 
99880 -85.8879 3.95103e-05 -4.60178e-06 -0.00353546 5.81045e-10 
99881 -85.888 3.95048e-05 -4.6016e-06 -0.00353567 5.814e-10 
99882 -85.8881 3.94993e-05 -4.60142e-06 -0.00353588 5.81755e-10 
99883 -85.8882 3.94939e-05 -4.60125e-06 -0.00353609 5.82109e-10 
99884 -85.8882 3.94884e-05 -4.60107e-06 -0.00353629 5.82462e-10 
99885 -85.8883 3.94831e-05 -4.60089e-06 -0.0035365 5.82815e-10 
99886 -85.8884 3.94777e-05 -4.60072e-06 -0.0035367 5.83168e-10 
99887 -85.8884 3.94724e-05 -4.60054e-06 -0.00353691 5.8352e-10 
99888 -85.8885 3.94671e-05 -4.60037e-06 -0.00353711 5.83872e-10 
99889 -85.8886 3.94618e-05 -4.60019e-06 -0.00353731 5.84224e-10 
99890 -85.8887 3.94565e-05 -4.60002e-06 -0.00353751 5.84575e-10 
99891 -85.8887 3.94513e-05 -4.59985e-06 -0.00353771 5.84926e-10 
99892 -85.8888 3.94461e-05 -4.59968e-06 -0.00353791 5.85276e-10 
99893 -85.8889 3.94409e-05 -4.5995e-06 -0.00353811 5.85626e-10 
99894 -85.8889 3.94358e-05 -4.59933e-06 -0.00353831 5.85975e-10 
99895 -85.889 3.94307e-05 -4.59916e-06 -0.0035385 5.86324e-10 
99896 -85.8891 3.94256e-05 -4.59899e-06 -0.0035387 5.86673e-10 
99897 -85.8891 3.94205e-05 -4.59882e-06 -0.00353889 5.87021e-10 
99898 -85.8892 3.94154e-05 -4.59866e-06 -0.00353908 5.87369e-10 
99899 -85.8893 3.94104e-05 -4.59849e-06 -0.00353928 5.87717e-10 
99900 -85.8893 3.94054e-05 -4.59832e-06 -0.00353947 5.88064e-10 
99901 -85.8894 3.94004e-05 -4.59815e-06 -0.00353966 5.8841e-10 
99902 -85.8895 3.93955e-05 -4.59799e-06 -0.00353984 5.88756e-10 
99903 -85.8895 3.93905e-05 -4.59782e-06 -0.00354003 5.89102e-10 
99904 -85.8896 3.93856e-05 -4.59765e-06 -0.00354022 5.89447e-10 
99905 -85.8897 3.93808e-05 -4.59749e-06 -0.0035404 5.89792e-10 
99906 -85.8897 3.93759e-05 -4.59733e-06 -0.00354059 5.90137e-10 
99907 -85.8898 3.93711e-05 -4.59716e-06 -0.00354077 5.90481e-10 
99908 -85.8899 3.93662e-05 -4.597e-06 -0.00354096 5.90825e-10 
99909 -85.8899 3.93614e-05 -4.59684e-06 -0.00354114 5.91168e-10 
99910 -85.89 3.93567e-05 -4.59667e-06 -0.00354132 5.91511e-10 
99911 -85.8901 3.93519e-05 -4.59651e-06 -0.0035415 5.91853e-10 
99912 -85.8901 3.93472e-05 -4.59635e-06 -0.00354168 5.92195e-10 
99913 -85.8902 3.93425e-05 -4.59619e-06 -0.00354186 5.92537e-10 
99914 -85.8903 3.93378e-05 -4.59603e-06 -0.00354203 5.92878e-10 
99915 -85.8903 3.93331e-05 -4.59587e-06 -0.00354221 5.93219e-10 
99916 -85.8904 3.93285e-05 -4.59571e-06 -0.00354238 5.93559e-10 
99917 -85.8905 3.93238e-05 -4.59555e-06 -0.00354256 5.93899e-10 
99918 -85.8905 3.93192e-05 -4.5954e-06 -0.00354273 5.94239e-10 
99919 -85.8906 3.93147e-05 -4.59524e-06 -0.0035429 5.94578e-10 
99920 -85.8906 3.93101e-05 -4.59508e-06 -0.00354307 5.94917e-10 
99921 -85.8907 3.93055e-05 -4.59493e-06 -0.00354324 5.95255e-10 
99922 -85.8908 3.9301e-05 -4.59477e-06 -0.00354341 5.95593e-10 
99923 -85.8908 3.92965e-05 -4.59461e-06 -0.00354358 5.9593e-10 
99924 -85.8909 3.9292e-05 -4.59446e-06 -0.00354375 5.96267e-10 
99925 -85.891 3.92875e-05 -4.5943e-06 -0.00354392 5.96604e-10 
99926 -85.891 3.92831e-05 -4.59415e-06 -0.00354408 5.9694e-10 
99927 -85.8911 3.92787e-05 -4.594e-06 -0.00354425 5.97276e-10 
99928 -85.8911 3.92742e-05 -4.59384e-06 -0.00354441 5.97611e-10 
99929 -85.8912 3.92698e-05 -4.59369e-06 -0.00354458 5.97946e-10 
99930 -85.8913 3.92655e-05 -4.59354e-06 -0.00354474 5.98281e-10 
99931 -85.8913 3.92611e-05 -4.59339e-06 -0.0035449 5.98615e-10 
99932 -85.8914 3.92568e-05 -4.59324e-06 -0.00354506 5.98948e-10 
99933 -85.8914 3.92524e-05 -4.59309e-06 -0.00354522 5.99282e-10 
99934 -85.8915 3.92481e-05 -4.59294e-06 -0.00354538 5.99615e-10 
99935 -85.8916 3.92438e-05 -4.59279e-06 -0.00354554 5.99947e-10 
99936 -85.8916 3.92396e-05 -4.59264e-06 -0.0035457 6.00279e-10 
99937 -85.8917 3.92353e-05 -4.59249e-06 -0.00354585 6.00611e-10 
99938 -85.8917 3.92311e-05 -4.59234e-06 -0.00354601 6.00942e-10 
99939 -85.8918 3.92268e-05 -4.59219e-06 -0.00354616 6.01273e-10 
99940 -85.8919 3.92226e-05 -4.59204e-06 -0.00354632 6.01603e-10 
99941 -85.8919 3.92184e-05 -4.5919e-06 -0.00354647 6.01933e-10 
99942 -85.892 3.92143e-05 -4.59175e-06 -0.00354662 6.02262e-10 
99943 -85.892 3.92101e-05 -4.5916e-06 -0.00354677 6.02591e-10 
99944 -85.8921 3.9206e-05 -4.59146e-06 -0.00354692 6.0292e-10 
99945 -85.8922 3.92018e-05 -4.59131e-06 -0.00354707 6.03248e-10 
99946 -85.8922 3.91977e-05 -4.59117e-06 -0.00354722 6.03576e-10 
99947 -85.8923 3.91936e-05 -4.59102e-06 -0.00354737 6.03904e-10 
99948 -85.8923 3.91896e-05 -4.59088e-06 -0.00354752 6.04231e-10 
99949 -85.8924 3.91855e-05 -4.59073e-06 -0.00354767 6.04557e-10 
99950 -85.8924 3.91814e-05 -4.59059e-06 -0.00354781 6.04883e-10 
99951 -85.8925 3.91774e-05 -4.59045e-06 -0.00354796 6.05209e-10 
99952 -85.8926 3.91734e-05 -4.59031e-06 -0.0035481 6.05534e-10 
99953 -85.8926 3.91694e-05 -4.59016e-06 -0.00354825 6.05859e-10 
99954 -85.8927 3.91654e-05 -4.59002e-06 -0.00354839 6.06184e-10 
99955 -85.8927 3.91614e-05 -4.58988e-06 -0.00354853 6.06508e-10 
99956 -85.8928 3.91575e-05 -4.58974e-06 -0.00354867 6.06831e-10 
99957 -85.8928 3.91535e-05 -4.5896e-06 -0.00354881 6.07155e-10 
99958 -85.8929 3.91496e-05 -4.58946e-06 -0.00354895 6.07477e-10 
99959 -85.893 3.91457e-05 -4.58932e-06 -0.00354909 6.078e-10 
99960 -85.893 3.91418e-05 -4.58918e-06 -0.00354923 6.08122e-10 
99961 -85.8931 3.91379e-05 -4.58904e-06 -0.00354937 6.08443e-10 
99962 -85.8931 3.9134e-05 -4.5889e-06 -0.0035495 6.08764e-10 
99963 -85.8932 3.91301e-05 -4.58876e-06 -0.00354964 6.09085e-10 
99964 -85.8932 3.91263e-05 -4.58863e-06 -0.00354977 6.09405e-10 
99965 -85.8933 3.91225e-05 -4.58849e-06 -0.00354991 6.09725e-10 
99966 -85.8933 3.91186e-05 -4.58835e-06 -0.00355004 6.10044e-10 
99967 -85.8934 3.91148e-05 -4.58821e-06 -0.00355018 6.10363e-10 
99968 -85.8935 3.9111e-05 -4.58808e-06 -0.00355031 6.10682e-10 
99969 -85.8935 3.91072e-05 -4.58794e-06 -0.00355044 6.11e-10 
99970 -85.8936 3.91035e-05 -4.58781e-06 -0.00355057 6.11318e-10 
99971 -85.8936 3.90997e-05 -4.58767e-06 -0.0035507 6.11635e-10 
99972 -85.8937 3.9096e-05 -4.58754e-06 -0.00355083 6.11952e-10 
99973 -85.8937 3.90922e-05 -4.5874e-06 -0.00355096 6.12269e-10 
99974 -85.8938 3.90885e-05 -4.58727e-06 -0.00355109 6.12585e-10 
99975 -85.8938 3.90848e-05 -4.58713e-06 -0.00355122 6.129e-10 
99976 -85.8939 3.90811e-05 -4.587e-06 -0.00355134 6.13216e-10 
99977 -85.8939 3.90774e-05 -4.58687e-06 -0.00355147 6.1353e-10 
99978 -85.894 3.90738e-05 -4.58673e-06 -0.00355159 6.13845e-10 
99979 -85.894 3.90701e-05 -4.5866e-06 -0.00355172 6.14159e-10 
99980 -85.8941 3.90665e-05 -4.58647e-06 -0.00355184 6.14472e-10 
99981 -85.8941 3.90628e-05 -4.58634e-06 -0.00355197 6.14785e-10 
99982 -85.8942 3.90592e-05 -4.58621e-06 -0.00355209 6.15098e-10 
99983 -85.8943 3.90556e-05 -4.58607e-06 -0.00355221 6.1541e-10 
99984 -85.8943 3.9052e-05 -4.58594e-06 -0.00355233 6.15722e-10 
99985 -85.8944 3.90484e-05 -4.58581e-06 -0.00355245 6.16034e-10 
99986 -85.8944 3.90448e-05 -4.58568e-06 -0.00355257 6.16345e-10 
99987 -85.8945 3.90412e-05 -4.58555e-06 -0.00355269 6.16655e-10 
99988 -85.8945 3.90377e-05 -4.58542e-06 -0.00355281 6.16965e-10 
99989 -85.8946 3.90341e-05 -4.58529e-06 -0.00355293 6.17275e-10 
99990 -85.8946 3.90306e-05 -4.58517e-06 -0.00355304 6.17585e-10 
99991 -85.8947 3.90271e-05 -4.58504e-06 -0.00355316 6.17894e-10 
99992 -85.8947 3.90236e-05 -4.58491e-06 -0.00355328 6.18202e-10 
99993 -85.8948 3.90201e-05 -4.58478e-06 -0.00355339 6.1851e-10 
99994 -85.8948 3.90166e-05 -4.58465e-06 -0.00355351 6.18818e-10 
99995 -85.8949 3.90131e-05 -4.58453e-06 -0.00355362 6.19125e-10 
99996 -85.8949 3.90096e-05 -4.5844e-06 -0.00355374 6.19432e-10 
99997 -85.895 3.90062e-05 -4.58427e-06 -0.00355385 6.19738e-10 
99998 -85.895 3.90027e-05 -4.58415e-06 -0.00355396 6.20044e-10 
99999 -85.8951 3.89993e-05 -4.58402e-06 -0.00355407 6.2035e-10 
