98950 -85.5585 1.86793e-05 -5.51039e-06 -0.003632 5.33739e-09 
98951 -85.5586 1.86752e-05 -5.51009e-06 -0.00363245 5.33662e-09 
98952 -85.5587 1.86711e-05 -5.5098e-06 -0.00363291 5.33586e-09 
98953 -85.5588 1.86671e-05 -5.5095e-06 -0.00363336 5.33509e-09 
98954 -85.5589 1.86631e-05 -5.5092e-06 -0.00363381 5.33433e-09 
98955 -85.559 1.86592e-05 -5.5089e-06 -0.00363426 5.33357e-09 
98956 -85.5591 1.86553e-05 -5.50861e-06 -0.0036347 5.33282e-09 
98957 -85.5592 1.86514e-05 -5.50832e-06 -0.00363514 5.33206e-09 
98958 -85.5593 1.86475e-05 -5.50802e-06 -0.00363558 5.33131e-09 
98959 -85.5594 1.86438e-05 -5.50773e-06 -0.00363602 5.33057e-09 
98960 -85.5595 1.864e-05 -5.50744e-06 -0.00363645 5.32982e-09 
98961 -85.5596 1.86363e-05 -5.50715e-06 -0.00363689 5.32908e-09 
98962 -85.5597 1.86326e-05 -5.50686e-06 -0.00363732 5.32834e-09 
98963 -85.5598 1.86289e-05 -5.50657e-06 -0.00363775 5.3276e-09 
98964 -85.5599 1.86253e-05 -5.50628e-06 -0.00363817 5.32687e-09 
98965 -85.56 1.86217e-05 -5.50599e-06 -0.0036386 5.32614e-09 
98966 -85.5601 1.86182e-05 -5.5057e-06 -0.00363902 5.32541e-09 
98967 -85.5602 1.86146e-05 -5.50542e-06 -0.00363944 5.32468e-09 
98968 -85.5603 1.86111e-05 -5.50513e-06 -0.00363985 5.32396e-09 
98969 -85.5604 1.86077e-05 -5.50485e-06 -0.00364027 5.32324e-09 
98970 -85.5605 1.86043e-05 -5.50456e-06 -0.00364068 5.32252e-09 
98971 -85.5606 1.86009e-05 -5.50428e-06 -0.00364109 5.3218e-09 
98972 -85.5607 1.85975e-05 -5.504e-06 -0.0036415 5.32109e-09 
98973 -85.5608 1.85941e-05 -5.50372e-06 -0.00364191 5.32038e-09 
98974 -85.5609 1.85908e-05 -5.50344e-06 -0.00364231 5.31967e-09 
98975 -85.561 1.85875e-05 -5.50316e-06 -0.00364272 5.31896e-09 
98976 -85.5611 1.85843e-05 -5.50288e-06 -0.00364312 5.31826e-09 
98977 -85.5612 1.8581e-05 -5.5026e-06 -0.00364351 5.31756e-09 
98978 -85.5613 1.85778e-05 -5.50232e-06 -0.00364391 5.31686e-09 
98979 -85.5614 1.85746e-05 -5.50205e-06 -0.0036443 5.31616e-09 
98980 -85.5615 1.85715e-05 -5.50177e-06 -0.0036447 5.31547e-09 
98981 -85.5616 1.85684e-05 -5.5015e-06 -0.00364509 5.31478e-09 
98982 -85.5617 1.85653e-05 -5.50122e-06 -0.00364547 5.31409e-09 
98983 -85.5618 1.85622e-05 -5.50095e-06 -0.00364586 5.3134e-09 
98984 -85.5619 1.85591e-05 -5.50067e-06 -0.00364624 5.31272e-09 
98985 -85.5619 1.85561e-05 -5.5004e-06 -0.00364662 5.31203e-09 
98986 -85.562 1.85531e-05 -5.50013e-06 -0.003647 5.31135e-09 
98987 -85.5621 1.85501e-05 -5.49986e-06 -0.00364738 5.31067e-09 
98988 -85.5622 1.85471e-05 -5.49959e-06 -0.00364776 5.31e-09 
98989 -85.5623 1.85441e-05 -5.49932e-06 -0.00364813 5.30932e-09 
98990 -85.5624 1.85412e-05 -5.49905e-06 -0.0036485 5.30865e-09 
98991 -85.5625 1.85383e-05 -5.49878e-06 -0.00364887 5.30798e-09 
98992 -85.5626 1.85354e-05 -5.49852e-06 -0.00364924 5.30731e-09 
98993 -85.5627 1.85326e-05 -5.49825e-06 -0.00364961 5.30665e-09 
98994 -85.5628 1.85297e-05 -5.49798e-06 -0.00364997 5.30599e-09 
98995 -85.5629 1.85269e-05 -5.49772e-06 -0.00365033 5.30532e-09 
98996 -85.563 1.85241e-05 -5.49745e-06 -0.00365069 5.30467e-09 
98997 -85.563 1.85213e-05 -5.49719e-06 -0.00365105 5.30401e-09 
98998 -85.5631 1.85185e-05 -5.49692e-06 -0.00365141 5.30335e-09 
98999 -85.5632 1.85158e-05 -5.49666e-06 -0.00365176 5.3027e-09 
99000 -85.5633 1.85131e-05 -5.4964e-06 -0.00365211 5.30205e-09 
99001 19.2189 0.00863788 -227.083 -2.0148 0.0664236 
99002 34.6629 0.967393 -0.00312419 -6.02971 14.1828 
99003 25.9083 0.916645 -4.25593e-07 -8.8848 12.4971 
99004 22.2598 0.747203 -1.5494e-10 -9.34683 9.47472 
99005 20.5864 0.599441 -9.90429e-14 -6.43854 7.16577 
99006 18.3937 0.47399 -6.97062e-15 -4.83223 5.34586 
99007 17.0879 0.379695 -2.0556e-15 -4.21389 4.01617 
99008 16.4858 0.310892 -5.37197e-16 -3.7074 3.07896 
99009 16.3079 0.260996 -1.28634e-16 -3.30521 2.41976 
99010 16.3876 0.224973 -2.9966e-17 -2.9917 1.95139 
99011 16.6228 0.199124 -7.82761e-18 -2.74481 1.61228 
99012 16.9487 0.180746 -2.95252e-18 -2.54636 1.35997 
99013 17.3247 0.167871 -1.72609e-18 -2.38336 1.16571 
99014 17.7259 0.159056 -1.26087e-18 -2.2469 1.01043 
99015 18.1375 0.153242 -9.81661e-19 -2.1309 0.881781 
99016 18.5508 0.149645 -7.7538e-19 -2.03119 0.771949 
99017 18.9612 0.147686 -6.15119e-19 -1.94493 0.676096 
99018 19.3657 0.146933 -4.89636e-19 -1.8702 0.59126 
99019 19.7631 0.147064 -3.91271e-19 -1.80582 0.51562 
99020 20.1526 0.147838 -3.14018e-19 -1.75123 0.448019 
99021 20.5346 0.149077 -2.53114e-19 -1.70646 0.387672 
99022 20.9103 0.150645 -2.04807e-19 -1.672 0.333986 
99023 21.2817 0.152441 -1.66188e-19 -1.64793 0.286461 
99024 21.6503 0.154384 -1.35098e-19 -1.63162 0.244622 
99025 22.0135 0.156411 -1.10089e-19 -1.61671 0.207985 
99026 22.3639 0.158472 -9.02253e-20 -1.59849 0.176046 
99027 22.6941 0.16054 -7.46975e-20 -1.5777 0.148328 
99028 22.9996 0.162605 -6.26609e-20 -1.55677 0.124401 
99029 23.2792 0.164665 -5.33279e-20 -1.53715 0.103877 
99030 23.5329 0.166721 -4.60522e-20 -1.51938 0.0863948 
99031 23.7618 0.168776 -4.03385e-20 -1.50355 0.0716106 
99032 23.9668 0.17083 -3.58173e-20 -1.4896 0.0591946 
99033 24.1495 0.172881 -3.2214e-20 -1.47739 0.0488355 
99034 24.3112 0.17493 -2.93244e-20 -1.46677 0.0402444 
99035 24.4533 0.176973 -2.69952e-20 -1.45761 0.0331583 
99036 24.5774 0.179009 -2.51105e-20 -1.44975 0.0273421 
99037 24.6848 0.181034 -2.35818e-20 -1.44306 0.0225888 
99038 24.7771 0.183045 -2.2341e-20 -1.43743 0.0187191 
99039 24.8555 0.18504 -2.13353e-20 -1.43273 0.0155794 
99040 24.9213 0.187014 -2.05231e-20 -1.42887 0.0130393 
99041 24.9757 0.188966 -1.98718e-20 -1.42574 0.0109898 
99042 25.0199 0.190892 -1.93553e-20 -1.42327 0.00933984 
99043 25.0549 0.19279 -1.89527e-20 -1.42136 0.00801413 
99044 25.0817 0.194657 -1.86472e-20 -1.41996 0.00695084 
99045 25.1011 0.196492 -1.8425e-20 -1.41899 0.00609939 
99046 25.1139 0.198291 -1.8275e-20 -1.4184 0.00541859 
99047 25.1208 0.200054 -1.81879e-20 -1.41814 0.00487502 
99048 25.1224 0.20178 -1.81563e-20 -1.41816 0.00444166 
99049 25.1194 0.203468 -1.81738e-20 -1.41842 0.0040967 
99050 25.1122 0.205116 -1.82352e-20 -1.41889 0.00382262 
99051 25.1013 0.206724 -1.83362e-20 -1.41952 0.00360532 
99052 25.087 0.208293 -1.84732e-20 -1.4203 0.0034335 
99053 25.0698 0.209822 -1.86432e-20 -1.42119 0.00329812 
99054 25.0499 0.211311 -1.88439e-20 -1.42217 0.00319195 
99055 25.0275 0.212761 -1.90732e-20 -1.42323 0.00310918 
99056 25.003 0.214173 -1.93295e-20 -1.42435 0.00304521 
99057 24.9765 0.215547 -1.96115e-20 -1.4255 0.00299633 
99058 24.9483 0.216883 -1.99183e-20 -1.42668 0.00295959 
99059 24.9183 0.218184 -2.0249e-20 -1.42788 0.00293264 
99060 24.8868 0.21945 -2.06032e-20 -1.42909 0.0029136 
99061 24.8539 0.220681 -2.09806e-20 -1.43029 0.00290097 
99062 24.8197 0.22188 -2.1381e-20 -1.43147 0.00289354 
99063 24.7842 0.223047 -2.18046e-20 -1.43265 0.00289036 
99064 24.7476 0.224184 -2.22513e-20 -1.43379 0.00289066 
99065 24.7098 0.225292 -2.27217e-20 -1.43491 0.00289384 
99066 24.6709 0.226372 -2.32162e-20 -1.436 0.00289939 
99067 24.631 0.227425 -2.37353e-20 -1.43705 0.00290693 
99068 24.5901 0.228453 -2.42798e-20 -1.43806 0.00291615 
99069 24.5482 0.229457 -2.48504e-20 -1.43903 0.00292679 
99070 24.5054 0.230439 -2.54482e-20 -1.43996 0.00293866 
99071 24.4616 0.231398 -2.60741e-20 -1.44084 0.00295159 
99072 24.4168 0.232338 -2.67293e-20 -1.44168 0.00296545 
99073 24.3712 0.233258 -2.74151e-20 -1.44247 0.00298015 
99074 24.3246 0.23416 -2.81329e-20 -1.44321 0.00299561 
99075 24.2771 0.235045 -2.8884e-20 -1.4439 0.00301175 
99076 24.2287 0.235914 -2.96702e-20 -1.44455 0.00302853 
99077 24.1795 0.236769 -3.0493e-20 -1.44514 0.0030459 
99078 24.1293 0.23761 -3.13543e-20 -1.44569 0.00306384 
99079 24.0782 0.238438 -3.22562e-20 -1.44618 0.00308233 
99080 24.0262 0.239254 -3.32006e-20 -1.44663 0.00310133 
99081 23.9733 0.24006 -3.41897e-20 -1.44703 0.00312084 
99082 23.9196 0.240855 -3.5226e-20 -1.44738 0.00314085 
99083 23.8649 0.241641 -3.63119e-20 -1.44768 0.00316135 
99084 23.8093 0.242419 -3.74501e-20 -1.44794 0.00318234 
99085 23.7528 0.24319 -3.86435e-20 -1.44815 0.0032038 
99086 23.6954 0.243954 -3.9895e-20 -1.44831 0.00322575 
99087 23.637 0.244711 -4.12078e-20 -1.44843 0.00324817 
99088 23.5778 0.245463 -4.25854e-20 -1.4485 0.00327108 
99089 23.5177 0.246211 -4.40314e-20 -1.44853 0.00329447 
99090 23.4566 0.246954 -4.55496e-20 -1.44851 0.00331834 
99091 23.3946 0.247694 -4.71442e-20 -1.44845 0.0033427 
99092 23.3317 0.248431 -4.88194e-20 -1.44835 0.00336754 
99093 23.2679 0.249166 -5.05799e-20 -1.44821 0.00339288 
99094 23.2032 0.249899 -5.24307e-20 -1.44803 0.00341872 
99095 23.1375 0.250631 -5.43769e-20 -1.4478 0.00344505 
99096 23.0709 0.251362 -5.64243e-20 -1.44754 0.00347189 
99097 23.0034 0.252092 -5.85787e-20 -1.44724 0.00349924 
99098 22.935 0.252823 -6.08465e-20 -1.4469 0.0035271 
99099 22.8656 0.253554 -6.32345e-20 -1.44653 0.00355547 
99100 22.7953 0.254287 -6.575e-20 -1.44611 0.00358437 
99101 22.7241 0.25502 -6.84005e-20 -1.44566 0.00361378 
99102 22.652 0.255755 -7.11945e-20 -1.44518 0.00364373 
99103 22.5789 0.256493 -7.41406e-20 -1.44466 0.0036742 
99104 22.505 0.257233 -7.72484e-20 -1.44411 0.00370521 
99105 22.43 0.257976 -8.05277e-20 -1.44352 0.00373676 
99106 22.3542 0.258721 -8.39895e-20 -1.4429 0.00376885 
99107 22.2774 0.259471 -8.76452e-20 -1.44225 0.00380149 
99108 22.1997 0.260224 -9.15071e-20 -1.44157 0.00383468 
99109 22.1211 0.260981 -9.55885e-20 -1.44085 0.00386843 
99110 22.0415 0.261742 -9.99035e-20 -1.44011 0.00390273 
99111 21.961 0.262508 -1.04467e-19 -1.43933 0.00393759 
99112 21.8795 0.263279 -1.09296e-19 -1.43853 0.00397302 
99113 21.7971 0.264055 -1.14407e-19 -1.4377 0.00400901 
99114 21.7138 0.264836 -1.1982e-19 -1.43684 0.00404558 
99115 21.6295 0.265623 -1.25554e-19 -1.43595 0.00408272 
99116 21.5443 0.266415 -1.31631e-19 -1.43503 0.00412043 
99117 21.4582 0.267214 -1.38074e-19 -1.43409 0.00415873 
99118 21.3711 0.268019 -1.44908e-19 -1.43312 0.00419761 
99119 21.283 0.268831 -1.52161e-19 -1.43213 0.00423708 
99120 21.194 0.269649 -1.59862e-19 -1.43111 0.00427714 
99121 21.104 0.270474 -1.68041e-19 -1.43007 0.00431779 
99122 21.013 0.271307 -1.76732e-19 -1.429 0.00435903 
99123 20.9211 0.272147 -1.85972e-19 -1.42791 0.00440087 
99124 20.8282 0.272994 -1.958e-19 -1.4268 0.00444332 
99125 20.7343 0.27385 -2.06259e-19 -1.42566 0.00448636 
99126 20.6395 0.274713 -2.17395e-19 -1.4245 0.00453001 
99127 20.5436 0.275585 -2.29256e-19 -1.42332 0.00457427 
99128 20.4467 0.276465 -2.41897e-19 -1.42212 0.00461914 
99129 20.3489 0.277354 -2.55377e-19 -1.42089 0.00466462 
99130 20.25 0.278251 -2.69757e-19 -1.41965 0.00471072 
99131 20.1501 0.279158 -2.85106e-19 -1.41839 0.00475743 
99132 20.0492 0.280074 -3.01499e-19 -1.4171 0.00480476 
99133 19.9473 0.281 -3.19015e-19 -1.4158 0.00485272 
99134 19.8443 0.281935 -3.37743e-19 -1.41447 0.00490129 
99135 19.7402 0.28288 -3.57777e-19 -1.41313 0.00495049 
99136 19.6351 0.283836 -3.7922e-19 -1.41177 0.00500031 
99137 19.5289 0.284802 -4.02185e-19 -1.41039 0.00505077 
99138 19.4216 0.285778 -4.26794e-19 -1.409 0.00510185 
99139 19.3133 0.286765 -4.53182e-19 -1.40758 0.00515356 
99140 19.2038 0.287764 -4.81492e-19 -1.40615 0.0052059 
99141 19.0932 0.288773 -5.11886e-19 -1.4047 0.00525888 
99142 18.9814 0.289795 -5.44535e-19 -1.40324 0.00531249 
99143 18.8685 0.290828 -5.79631e-19 -1.40176 0.00536674 
99144 18.7545 0.291873 -6.17381e-19 -1.40026 0.00542162 
99145 18.6393 0.29293 -6.58012e-19 -1.39874 0.00547714 
99146 18.5228 0.294001 -7.01775e-19 -1.39721 0.0055333 
99147 18.4052 0.295084 -7.48942e-19 -1.39567 0.00559009 
99148 18.2864 0.29618 -7.99815e-19 -1.39411 0.00564753 
99149 18.1663 0.297289 -8.54723e-19 -1.39253 0.0057056 
99150 18.0449 0.298413 -9.14029e-19 -1.39094 0.00576431 
99151 17.9223 0.29955 -9.78134e-19 -1.38934 0.00582367 
99152 17.7983 0.300702 -1.04748e-18 -1.38772 0.00588366 
99153 17.673 0.301869 -1.12254e-18 -1.38608 0.00594429 
99154 17.5464 0.30305 -1.20387e-18 -1.38443 0.00600556 
99155 17.4184 0.304247 -1.29204e-18 -1.38277 0.00606747 
99156 17.2891 0.30546 -1.38772e-18 -1.38109 0.00613002 
99157 17.1583 0.306688 -1.49164e-18 -1.3794 0.00619321 
99158 17.0261 0.307933 -1.60458e-18 -1.37769 0.00625703 
99159 16.8924 0.309195 -1.72745e-18 -1.37597 0.0063215 
99160 16.7573 0.310474 -1.86123e-18 -1.37423 0.0063866 
99161 16.6206 0.311771 -2.00703e-18 -1.37248 0.00645234 
99162 16.4823 0.313086 -2.16605e-18 -1.37071 0.00651871 
99163 16.3425 0.31442 -2.33968e-18 -1.36893 0.00658572 
99164 16.2011 0.315772 -2.52942e-18 -1.36714 0.00665336 
99165 16.0581 0.317144 -2.73697e-18 -1.36533 0.00672163 
99166 15.9134 0.318535 -2.96423e-18 -1.3635 0.00679054 
99167 15.767 0.319947 -3.21332e-18 -1.36166 0.00686008 
99168 15.6188 0.32138 -3.48663e-18 -1.3598 0.00693024 
99169 15.4689 0.322834 -3.7868e-18 -1.35792 0.00700104 
99170 15.3172 0.324311 -4.11685e-18 -1.35603 0.00707247 
99171 15.1636 0.325809 -4.48015e-18 -1.35412 0.00714453 
99172 15.0081 0.327331 -4.88048e-18 -1.3522 0.00721721 
99173 14.8507 0.328877 -5.32213e-18 -1.35025 0.00729053 
99174 14.6913 0.330447 -5.80994e-18 -1.34829 0.00736447 
99175 14.5299 0.332042 -6.34937e-18 -1.34631 0.00743904 
99176 14.3665 0.333663 -6.94661e-18 -1.3443 0.00751424 
99177 14.2009 0.335311 -7.60869e-18 -1.34228 0.00759007 
99178 14.0331 0.336985 -8.34357e-18 -1.34023 0.00766653 
99179 13.8632 0.338687 -9.16034e-18 -1.33817 0.00774363 
99180 13.691 0.340418 -1.00693e-17 -1.33608 0.00782136 
99181 13.5164 0.342179 -1.10823e-17 -1.33396 0.00789973 
99182 13.3395 0.34397 -1.22129e-17 -1.33182 0.00797874 
99183 13.1601 0.345792 -1.34763e-17 -1.32965 0.0080584 
99184 12.9783 0.347646 -1.48904e-17 -1.32746 0.00813871 
99185 12.7939 0.349534 -1.64755e-17 -1.32523 0.00821968 
99186 12.6068 0.351455 -1.82549e-17 -1.32298 0.00830131 
99187 12.4171 0.353412 -2.02558e-17 -1.32069 0.00838361 
99188 12.2246 0.355405 -2.25091e-17 -1.31837 0.0084666 
99189 12.0293 0.357435 -2.50511e-17 -1.31602 0.00855029 
99190 11.831 0.359504 -2.79236e-17 -1.31362 0.00863467 
99191 11.6298 0.361612 -3.1175e-17 -1.31119 0.00871978 
99192 11.4255 0.363761 -3.48621e-17 -1.30872 0.00880563 
99193 11.2181 0.365952 -3.90508e-17 -1.3062 0.00889223 
99194 11.0074 0.368187 -4.38183e-17 -1.30364 0.00897961 
99195 10.7934 0.370467 -4.92549e-17 -1.30103 0.00906778 
99196 10.576 0.372794 -5.54668e-17 -1.29838 0.00915678 
99197 10.355 0.375168 -6.25788e-17 -1.29567 0.00924664 
99198 10.1305 0.377592 -7.07384e-17 -1.2929 0.00933737 
99199 9.90218 0.380067 -8.01196e-17 -1.29008 0.00942903 
99200 9.67009 0.382596 -9.0929e-17 -1.28719 0.00952165 
99201 9.43405 0.385179 -1.03412e-16 -1.28424 0.00961527 
99202 9.19397 0.387819 -1.17861e-16 -1.28123 0.00970994 
99203 8.94972 0.390517 -1.34624e-16 -1.27814 0.00980571 
99204 8.70118 0.393277 -1.5412e-16 -1.27498 0.00990265 
99205 8.44823 0.396099 -1.76851e-16 -1.27174 0.0100008 
99206 8.19072 0.398987 -2.0342e-16 -1.26842 0.0101003 
99207 7.92853 0.401942 -2.34558e-16 -1.26502 0.0102011 
99208 7.66151 0.404968 -2.71149e-16 -1.26153 0.0103034 
99209 7.38953 0.408066 -3.14265e-16 -1.25795 0.0104072 
99210 7.11242 0.411239 -3.65215e-16 -1.25427 0.0105127 
99211 6.83004 0.41449 -4.25597e-16 -1.25049 0.01062 
99212 6.54223 0.417823 -4.97372e-16 -1.24661 0.0107291 
99213 6.24882 0.421239 -5.8295e-16 -1.24263 0.0108402 
99214 5.94964 0.424743 -6.85305e-16 -1.23853 0.0109535 
99215 5.64452 0.428337 -8.08124e-16 -1.23432 0.0110691 
99216 5.33329 0.432026 -9.55983e-16 -1.22999 0.0111871 
99217 5.01575 0.435812 -1.13459e-15 -1.22553 0.0113078 
99218 4.69173 0.4397 -1.3511e-15 -1.22095 0.0114313 
99219 4.36102 0.443693 -1.61447e-15 -1.21624 0.0115579 
99220 4.02342 0.447796 -1.93604e-15 -1.2114 0.0116877 
99221 3.67875 0.452012 -2.33013e-15 -1.20642 0.011821 
99222 3.32677 0.456347 -2.81494e-15 -1.2013 0.0119581 
99223 2.96728 0.460805 -3.41372e-15 -1.19603 0.0120992 
99224 2.60006 0.465391 -4.15624e-15 -1.1906 0.0122446 
99225 2.22486 0.470109 -5.08081e-15 -1.18501 0.0123946 
99226 1.84146 0.474966 -6.23699e-15 -1.17926 0.0125495 
99227 1.4496 0.479966 -7.6891e-15 -1.17332 0.0127097 
99228 1.049 0.485116 -9.52107e-15 -1.16719 0.0128755 
99229 0.639398 0.490422 -1.1843e-14 -1.16084 0.0130473 
99230 0.220479 0.495889 -1.47999e-14 -1.15427 0.0132254 
99231 -0.208082 0.501525 -1.85841e-14 -1.14743 0.0134103 
99232 -0.646639 0.507337 -2.34517e-14 -1.14031 0.0136024 
99233 -1.09558 0.513333 -2.9746e-14 -1.13287 0.013802 
99234 -1.55534 0.51952 -3.79303e-14 -1.12506 0.0140096 
99235 -2.0264 0.525908 -4.86333e-14 -1.11684 0.0142256 
99236 -2.50928 0.532505 -6.27143e-14 -1.10814 0.0144505 
99237 -3.00458 0.539323 -8.13565e-14 -1.0989 0.0146845 
99238 -3.51296 0.546372 -1.06201e-13 -1.08904 0.0149282 
99239 -4.03518 0.553664 -1.39545e-13 -1.07849 0.0151817 
99240 -4.57206 0.561214 -1.84625e-13 -1.06714 0.0154455 
99241 -5.12454 0.569036 -2.46051e-13 -1.0549 0.0157197 
99242 -5.69364 0.577146 -3.30446e-13 -1.04167 0.0160043 
99243 -6.28052 0.585563 -4.47418e-13 -1.02731 0.0162992 
99244 -6.88644 0.594306 -6.11061e-13 -1.01172 0.0166039 
99245 -7.51279 0.603399 -8.42272e-13 -0.994767 0.0169178 
99246 -8.1611 0.612866 -1.1724e-12 -0.976315 0.0172395 
99247 -8.83304 0.622735 -1.64904e-12 -0.956237 0.0175672 
99248 -9.53039 0.633034 -2.34539e-12 -0.9344 0.0178982 
99249 -10.2551 0.643799 -3.37549e-12 -0.910682 0.0182285 
99250 -11.0092 0.655064 -4.9195e-12 -0.884967 0.018553 
99251 -11.795 0.666871 -7.26609e-12 -0.857159 0.0188649 
99252 -12.6146 0.679262 -1.08846e-11 -0.827182 0.0191553 
99253 -13.4705 0.692283 -1.65496e-11 -0.794993 0.0194134 
99254 -14.3652 0.705986 -2.55591e-11 -0.76059 0.019626 
99255 -15.3011 0.720423 -4.01218e-11 -0.724019 0.0197778 
99256 -16.2805 0.735651 -6.40543e-11 -0.685389 0.0198518 
99257 -17.3061 0.751728 -1.04052e-10 -0.644874 0.0198303 
99258 -18.3799 0.768715 -1.72039e-10 -0.602724 0.0196963 
99259 -19.5042 0.786671 -2.89544e-10 -0.559265 0.0194352 
99260 -20.6809 0.805656 -4.95967e-10 -0.514898 0.019037 
99261 -21.9117 0.825725 -8.64281e-10 -0.470091 0.018498 
99262 -23.1981 0.846929 -1.53104e-09 -0.425361 0.0178222 
99263 -24.5414 0.869309 -2.75395e-09 -0.38126 0.0170217 
99264 -25.9428 0.892895 -5.02223e-09 -0.338345 0.0161156 
99265 -27.4033 0.9177 -9.2673e-09 -0.297152 0.0151281 
99266 -28.924 0.94372 -1.72612e-08 -0.258171 0.014086 
99267 -30.5063 0.97092 -3.23576e-08 -0.221821 0.0130157 
99268 -32.1518 0.999236 -6.08356e-08 -0.188429 0.0119414 
99269 -33.8628 1.02856 -1.14241e-07 -0.158221 0.0108834 
99270 -35.6422 1.05873 -2.13219e-07 -0.131316 0.0098575 
99271 -37.4941 1.08953 -3.93184e-07 -0.10773 0.00887506 
99272 -39.4236 1.12063 -7.11161e-07 -0.0873904 0.00794356 
99273 -41.4371 1.15163 -1.21671e-06 -0.0701452 0.0070672 
99274 -43.5423 1.18193 -1.91754e-06 -0.0557851 0.00624769 
99275 -45.7478 1.21078 -2.84788e-06 -0.0440572 0.00548501 
99276 -48.0623 1.23714 -3.97275e-06 -0.0346684 0.00477811 
99277 -50.4936 1.25964 -5.13563e-06 -0.0272693 0.00412546 
99278 -53.0454 1.2765 -6.02692e-06 -0.0214405 0.00352567 
99279 -55.714 1.28548 -6.26245e-06 -0.0167574 0.00297791 
99280 -58.4825 1.28391 -5.63635e-06 -0.0129251 0.00248223 
99281 -61.315 1.2689 -4.37168e-06 -0.00981322 0.00203959 
99282 -64.1542 1.23783 -2.9988e-06 -0.00736444 0.00165125 
99283 -66.9253 1.18905 -1.92647e-06 -0.00551266 0.00131767 
99284 -69.5472 1.12273 -1.24318e-06 -0.00416319 0.00103729 
99285 -71.9489 1.04133 -8.53765e-07 -0.00320728 0.000806155 
99286 -74.0816 0.94952 -6.42964e-07 -0.00254198 0.000618709 
99287 -75.9244 0.853162 -5.32235e-07 -0.00208249 0.000469034 
99288 -77.4815 0.758027 -4.77276e-07 -0.00176528 0.000351522 
99289 -78.7748 0.66868 -4.54804e-07 -0.00154552 0.000260929 
99290 -79.8359 0.58801 -4.52951e-07 -0.00139264 0.00019232 
99291 -80.699 0.517319 -4.65728e-07 -0.00128612 0.000141156 
99292 -81.3972 0.456722 -4.901e-07 -0.00121223 0.000103455 
99293 -81.9598 0.405593 -5.24486e-07 -0.0011617 7.59022e-05 
99294 -82.4119 0.362921 -5.68021e-07 -0.00112821 5.58565e-05 
99295 -82.7745 0.327556 -6.20169e-07 -0.00110737 4.12909e-05 
99296 -83.0649 0.298354 -6.80514e-07 -0.00109604 3.06908e-05 
99297 -83.2973 0.274259 -7.48638e-07 -0.00109193 2.29473e-05 
99298 -83.4833 0.254336 -8.24066e-07 -0.00109337 1.726e-05 
99299 -83.6322 0.237789 -9.06238e-07 -0.00109905 1.3056e-05 
99300 -83.7517 0.223951 -9.94504e-07 -0.001108 9.92722e-06 
99301 -83.8478 0.212273 -1.08815e-06 -0.00111945 7.5828e-06 
99302 -83.9255 0.202314 -1.1864e-06 -0.0011328 5.81489e-06 
99303 -83.9885 0.193718 -1.28846e-06 -0.00114759 4.47402e-06 
99304 -84.0401 0.186205 -1.39356e-06 -0.00116343 3.45194e-06 
99305 -84.0825 0.179552 -1.50093e-06 -0.00118003 2.66955e-06 
99306 -84.1178 0.173586 -1.60984e-06 -0.00119717 2.06855e-06 
99307 -84.1475 0.16817 -1.71964e-06 -0.00121466 1.60559e-06 
99308 -84.1728 0.163198 -1.82972e-06 -0.00123237 1.24817e-06 
99309 -84.1945 0.158587 -1.93955e-06 -0.00125017 9.7175e-07 
99310 -84.2135 0.154273 -2.04868e-06 -0.00126799 7.57698e-07 
99311 -84.2303 0.150204 -2.1567e-06 -0.00128575 5.91779e-07 
99312 -84.2453 0.146343 -2.26329e-06 -0.0013034 4.63078e-07 
99313 -84.2591 0.142657 -2.36817e-06 -0.00132092 3.63194e-07 
99314 -84.2717 0.139123 -2.47113e-06 -0.00133825 2.85649e-07 
99315 -84.2835 0.135721 -2.572e-06 -0.00135539 2.25432e-07 
99316 -84.2946 0.132437 -2.67064e-06 -0.00137233 1.78662e-07 
99317 -84.3051 0.129258 -2.76697e-06 -0.00138904 1.42333e-07 
99318 -84.3152 0.126175 -2.86091e-06 -0.00140552 1.14111e-07 
99319 -84.325 0.12318 -2.95244e-06 -0.00142177 9.21852e-08 
99320 -84.3345 0.120268 -3.04154e-06 -0.00143779 7.5148e-08 
99321 -84.3438 0.117432 -3.12822e-06 -0.00145358 6.19072e-08 
99322 -84.3529 0.114668 -3.21248e-06 -0.00146913 5.16143e-08 
99323 -84.3618 0.111973 -3.29437e-06 -0.00148446 4.36098e-08 
99324 -84.3706 0.109344 -3.37392e-06 -0.00149957 3.73818e-08 
99325 -84.3793 0.106778 -3.45117e-06 -0.00151446 3.25326e-08 
99326 -84.388 0.104272 -3.52619e-06 -0.00152913 2.87532e-08 
99327 -84.3965 0.101826 -3.59901e-06 -0.0015436 2.58038e-08 
99328 -84.405 0.0994357 -3.6697e-06 -0.00155786 2.34984e-08 
99329 -84.4135 0.0971012 -3.73832e-06 -0.00157192 2.16925e-08 
99330 -84.4218 0.0948204 -3.80493e-06 -0.00158579 2.02738e-08 
99331 -84.4302 0.0925919 -3.86958e-06 -0.00159947 1.91555e-08 
99332 -84.4385 0.0904144 -3.93234e-06 -0.00161297 1.827e-08 
99333 -84.4468 0.0882867 -3.99327e-06 -0.0016263 1.7565e-08 
99334 -84.455 0.0862075 -4.05241e-06 -0.00163944 1.70001e-08 
99335 -84.4632 0.0841757 -4.10984e-06 -0.00165243 1.65436e-08 
99336 -84.4714 0.0821904 -4.1656e-06 -0.00166524 1.61712e-08 
99337 -84.4796 0.0802503 -4.21974e-06 -0.00167791 1.5864e-08 
99338 -84.4877 0.0783546 -4.27232e-06 -0.00169041 1.56075e-08 
99339 -84.4958 0.0765022 -4.32338e-06 -0.00170277 1.53902e-08 
99340 -84.5038 0.0746921 -4.37298e-06 -0.00171498 1.52034e-08 
99341 -84.5119 0.0729236 -4.42115e-06 -0.00172706 1.50403e-08 
99342 -84.5199 0.0711956 -4.46795e-06 -0.00173899 1.48957e-08 
99343 -84.5278 0.0695073 -4.51341e-06 -0.00175079 1.47654e-08 
99344 -84.5358 0.0678578 -4.55757e-06 -0.00176246 1.46463e-08 
99345 -84.5437 0.0662463 -4.60048e-06 -0.00177401 1.45359e-08 
99346 -84.5515 0.064672 -4.64218e-06 -0.00178543 1.44325e-08 
99347 -84.5594 0.063134 -4.68269e-06 -0.00179673 1.43345e-08 
99348 -84.5672 0.0616316 -4.72205e-06 -0.00180792 1.42409e-08 
99349 -84.575 0.060164 -4.7603e-06 -0.00181899 1.41507e-08 
99350 -84.5827 0.0587304 -4.79747e-06 -0.00182996 1.40632e-08 
99351 -84.5904 0.0573301 -4.83359e-06 -0.00184081 1.39781e-08 
99352 -84.5981 0.0559624 -4.86869e-06 -0.00185156 1.38948e-08 
99353 -84.6057 0.0546265 -4.9028e-06 -0.0018622 1.38131e-08 
99354 -84.6133 0.0533218 -4.93594e-06 -0.00187275 1.37327e-08 
99355 -84.6209 0.0520476 -4.96814e-06 -0.0018832 1.36534e-08 
99356 -84.6284 0.0508032 -4.99944e-06 -0.00189355 1.35752e-08 
99357 -84.6359 0.0495879 -5.02985e-06 -0.00190381 1.34978e-08 
99358 -84.6433 0.0484011 -5.05939e-06 -0.00191397 1.34213e-08 
99359 -84.6508 0.0472422 -5.0881e-06 -0.00192405 1.33455e-08 
99360 -84.6581 0.0461105 -5.116e-06 -0.00193404 1.32705e-08 
99361 -84.6655 0.0450055 -5.14309e-06 -0.00194394 1.31961e-08 
99362 -84.6728 0.0439265 -5.16942e-06 -0.00195376 1.31224e-08 
99363 -84.68 0.042873 -5.19499e-06 -0.0019635 1.30493e-08 
99364 -84.6872 0.0418444 -5.21984e-06 -0.00197316 1.29768e-08 
99365 -84.6944 0.0408401 -5.24397e-06 -0.00198274 1.29049e-08 
99366 -84.7015 0.0398595 -5.2674e-06 -0.00199224 1.28336e-08 
99367 -84.7086 0.0389022 -5.29016e-06 -0.00200166 1.27629e-08 
99368 -84.7156 0.0379677 -5.31226e-06 -0.00201101 1.26928e-08 
99369 -84.7227 0.0370553 -5.33372e-06 -0.00202029 1.26232e-08 
99370 -84.7296 0.0361646 -5.35456e-06 -0.00202949 1.25543e-08 
99371 -84.7365 0.0352951 -5.37479e-06 -0.00203863 1.24858e-08 
99372 -84.7434 0.0344464 -5.39443e-06 -0.00204769 1.2418e-08 
99373 -84.7502 0.0336179 -5.4135e-06 -0.00205669 1.23507e-08 
99374 -84.757 0.0328091 -5.432e-06 -0.00206562 1.2284e-08 
99375 -84.7638 0.0320197 -5.44995e-06 -0.00207448 1.22179e-08 
99376 -84.7705 0.0312491 -5.46738e-06 -0.00208328 1.21523e-08 
99377 -84.7771 0.030497 -5.48428e-06 -0.00209202 1.20873e-08 
99378 -84.7837 0.0297629 -5.50068e-06 -0.00210069 1.20229e-08 
99379 -84.7903 0.0290464 -5.51659e-06 -0.0021093 1.1959e-08 
99380 -84.7968 0.0283471 -5.53203e-06 -0.00211785 1.18956e-08 
99381 -84.8033 0.0276646 -5.54699e-06 -0.00212634 1.18329e-08 
99382 -84.8097 0.0269984 -5.5615e-06 -0.00213477 1.17706e-08 
99383 -84.8161 0.0263483 -5.57557e-06 -0.00214315 1.1709e-08 
99384 -84.8224 0.0257138 -5.58921e-06 -0.00215146 1.16479e-08 
99385 -84.8287 0.0250946 -5.60243e-06 -0.00215972 1.15873e-08 
99386 -84.835 0.0244903 -5.61524e-06 -0.00216792 1.15273e-08 
99387 -84.8412 0.0239006 -5.62765e-06 -0.00217607 1.14679e-08 
99388 -84.8473 0.023325 -5.63968e-06 -0.00218417 1.1409e-08 
99389 -84.8534 0.0227634 -5.65133e-06 -0.00219221 1.13506e-08 
99390 -84.8595 0.0222153 -5.66261e-06 -0.0022002 1.12928e-08 
99391 -84.8655 0.0216805 -5.67354e-06 -0.00220814 1.12355e-08 
99392 -84.8715 0.0211585 -5.68412e-06 -0.00221602 1.11787e-08 
99393 -84.8774 0.0206492 -5.69436e-06 -0.00222386 1.11225e-08 
99394 -84.8833 0.0201522 -5.70426e-06 -0.00223164 1.10668e-08 
99395 -84.8892 0.0196672 -5.71385e-06 -0.00223937 1.10116e-08 
99396 -84.8949 0.019194 -5.72313e-06 -0.00224706 1.0957e-08 
99397 -84.9007 0.0187322 -5.7321e-06 -0.0022547 1.09029e-08 
99398 -84.9064 0.0182816 -5.74078e-06 -0.00226229 1.08493e-08 
99399 -84.9121 0.0178419 -5.74916e-06 -0.00226983 1.07962e-08 
99400 -84.9177 0.0174129 -5.75727e-06 -0.00227733 1.07436e-08 
99401 -84.9232 0.0169942 -5.7651e-06 -0.00228478 1.06916e-08 
99402 -84.9288 0.0165857 -5.77267e-06 -0.00229218 1.064e-08 
99403 -84.9342 0.0161872 -5.77998e-06 -0.00229954 1.0589e-08 
99404 -84.9397 0.0157982 -5.78704e-06 -0.00230686 1.05384e-08 
99405 -84.9451 0.0154187 -5.79385e-06 -0.00231413 1.04884e-08 
99406 -84.9504 0.0150485 -5.80042e-06 -0.00232135 1.04388e-08 
99407 -84.9557 0.0146872 -5.80676e-06 -0.00232854 1.03897e-08 
99408 -84.961 0.0143347 -5.81288e-06 -0.00233568 1.03411e-08 
99409 -84.9662 0.0139907 -5.81878e-06 -0.00234278 1.0293e-08 
99410 -84.9713 0.0136551 -5.82446e-06 -0.00234983 1.02454e-08 
99411 -84.9765 0.0133276 -5.82993e-06 -0.00235685 1.01982e-08 
99412 -84.9815 0.0130081 -5.8352e-06 -0.00236382 1.01515e-08 
99413 -84.9866 0.0126963 -5.84027e-06 -0.00237076 1.01053e-08 
99414 -84.9916 0.0123921 -5.84515e-06 -0.00237765 1.00596e-08 
99415 -84.9965 0.0120953 -5.84985e-06 -0.0023845 1.00143e-08 
99416 -85.0015 0.0118057 -5.85436e-06 -0.00239132 9.96942e-09 
99417 -85.0063 0.0115231 -5.8587e-06 -0.00239809 9.92503e-09 
99418 -85.0112 0.0112474 -5.86286e-06 -0.00240483 9.88109e-09 
99419 -85.0159 0.0109784 -5.86686e-06 -0.00241153 9.83759e-09 
99420 -85.0207 0.0107159 -5.87069e-06 -0.00241818 9.79453e-09 
99421 -85.0254 0.0104598 -5.87437e-06 -0.00242481 9.75191e-09 
99422 -85.0301 0.0102099 -5.87789e-06 -0.00243139 9.70972e-09 
99423 -85.0347 0.00996611 -5.88126e-06 -0.00243794 9.66796e-09 
99424 -85.0393 0.0097282 -5.88449e-06 -0.00244445 9.62663e-09 
99425 -85.0438 0.00949607 -5.88757e-06 -0.00245092 9.58571e-09 
99426 -85.0483 0.00926956 -5.89052e-06 -0.00245736 9.54522e-09 
99427 -85.0528 0.00904855 -5.89333e-06 -0.00246376 9.50513e-09 
99428 -85.0572 0.00883291 -5.89601e-06 -0.00247013 9.46546e-09 
99429 -85.0616 0.00862249 -5.89856e-06 -0.00247646 9.4262e-09 
99430 -85.0659 0.00841717 -5.90099e-06 -0.00248275 9.38733e-09 
99431 -85.0702 0.00821683 -5.90331e-06 -0.00248901 9.34886e-09 
99432 -85.0745 0.00802135 -5.9055e-06 -0.00249524 9.31079e-09 
99433 -85.0787 0.0078306 -5.90758e-06 -0.00250143 9.27311e-09 
99434 -85.0829 0.00764448 -5.90955e-06 -0.00250759 9.23581e-09 
99435 -85.0871 0.00746286 -5.91141e-06 -0.00251372 9.1989e-09 
99436 -85.0912 0.00728564 -5.91316e-06 -0.00251981 9.16237e-09 
99437 -85.0953 0.00711272 -5.91482e-06 -0.00252587 9.12621e-09 
99438 -85.0993 0.00694397 -5.91638e-06 -0.00253189 9.09043e-09 
99439 -85.1033 0.00677931 -5.91784e-06 -0.00253789 9.05501e-09 
99440 -85.1073 0.00661864 -5.9192e-06 -0.00254385 9.01996e-09 
99441 -85.1112 0.00646185 -5.92048e-06 -0.00254978 8.98526e-09 
99442 -85.1151 0.00630885 -5.92166e-06 -0.00255567 8.95093e-09 
99443 -85.119 0.00615955 -5.92277e-06 -0.00256154 8.91695e-09 
99444 -85.1228 0.00601385 -5.92378e-06 -0.00256737 8.88332e-09 
99445 -85.1266 0.00587168 -5.92472e-06 -0.00257317 8.85003e-09 
99446 -85.1303 0.00573293 -5.92557e-06 -0.00257895 8.81709e-09 
99447 -85.1341 0.00559754 -5.92635e-06 -0.00258469 8.78448e-09 
99448 -85.1378 0.00546541 -5.92706e-06 -0.0025904 8.75222e-09 
99449 -85.1414 0.00533647 -5.92769e-06 -0.00259608 8.72028e-09 
99450 -85.145 0.00521064 -5.92825e-06 -0.00260173 8.68867e-09 
99451 -85.1486 0.00508784 -5.92875e-06 -0.00260735 8.65739e-09 
99452 -85.1522 0.004968 -5.92917e-06 -0.00261294 8.62643e-09 
99453 -85.1557 0.00485105 -5.92954e-06 -0.0026185 8.59579e-09 
99454 -85.1592 0.00473691 -5.92984e-06 -0.00262403 8.56546e-09 
99455 -85.1627 0.00462552 -5.93007e-06 -0.00262953 8.53545e-09 
99456 -85.1661 0.00451681 -5.93025e-06 -0.00263501 8.50574e-09 
99457 -85.1695 0.00441071 -5.93037e-06 -0.00264045 8.47634e-09 
99458 -85.1728 0.00430717 -5.93044e-06 -0.00264587 8.44724e-09 
99459 -85.1762 0.00420611 -5.93045e-06 -0.00265126 8.41844e-09 
99460 -85.1795 0.00410748 -5.9304e-06 -0.00265662 8.38994e-09 
99461 -85.1828 0.00401122 -5.93031e-06 -0.00266195 8.36172e-09 
99462 -85.186 0.00391726 -5.93016e-06 -0.00266725 8.3338e-09 
99463 -85.1892 0.00382557 -5.92997e-06 -0.00267253 8.30616e-09 
99464 -85.1924 0.00373607 -5.92973e-06 -0.00267778 8.2788e-09 
99465 -85.1955 0.00364871 -5.92944e-06 -0.002683 8.25173e-09 
99466 -85.1987 0.00356345 -5.92911e-06 -0.0026882 8.22493e-09 
99467 -85.2018 0.00348023 -5.92874e-06 -0.00269336 8.1984e-09 
99468 -85.2048 0.003399 -5.92832e-06 -0.00269851 8.17215e-09 
99469 -85.2079 0.00331972 -5.92787e-06 -0.00270362 8.14616e-09 
99470 -85.2109 0.00324233 -5.92737e-06 -0.00270871 8.12044e-09 
99471 -85.2139 0.00316679 -5.92684e-06 -0.00271377 8.09498e-09 
99472 -85.2168 0.00309306 -5.92626e-06 -0.00271881 8.06978e-09 
99473 -85.2198 0.00302109 -5.92566e-06 -0.00272382 8.04483e-09 
99474 -85.2227 0.00295083 -5.92501e-06 -0.0027288 8.02014e-09 
99475 -85.2255 0.00288225 -5.92434e-06 -0.00273376 7.9957e-09 
99476 -85.2284 0.00281531 -5.92363e-06 -0.0027387 7.97151e-09 
99477 -85.2312 0.00274996 -5.92289e-06 -0.00274361 7.94756e-09 
99478 -85.234 0.00268617 -5.92211e-06 -0.00274849 7.92385e-09 
99479 -85.2368 0.0026239 -5.92131e-06 -0.00275335 7.90039e-09 
99480 -85.2395 0.00256312 -5.92048e-06 -0.00275818 7.87716e-09 
99481 -85.2422 0.00250378 -5.91962e-06 -0.00276299 7.85417e-09 
99482 -85.2449 0.00244585 -5.91873e-06 -0.00276778 7.8314e-09 
99483 -85.2476 0.00238929 -5.91782e-06 -0.00277254 7.80887e-09 
99484 -85.2502 0.00233408 -5.91688e-06 -0.00277727 7.78656e-09 
99485 -85.2529 0.00228018 -5.91591e-06 -0.00278198 7.76448e-09 
99486 -85.2555 0.00222757 -5.91493e-06 -0.00278667 7.74262e-09 
99487 -85.258 0.0021762 -5.91392e-06 -0.00279133 7.72098e-09 
99488 -85.2606 0.00212604 -5.91288e-06 -0.00279598 7.69956e-09 
99489 -85.2631 0.00207708 -5.91183e-06 -0.00280059 7.67835e-09 
99490 -85.2656 0.00202928 -5.91075e-06 -0.00280519 7.65735e-09 
99491 -85.2681 0.00198261 -5.90965e-06 -0.00280976 7.63657e-09 
99492 -85.2705 0.00193704 -5.90854e-06 -0.0028143 7.61599e-09 
99493 -85.273 0.00189255 -5.9074e-06 -0.00281883 7.59561e-09 
99494 -85.2754 0.00184911 -5.90625e-06 -0.00282333 7.57544e-09 
99495 -85.2778 0.0018067 -5.90507e-06 -0.00282781 7.55547e-09 
99496 -85.2801 0.0017653 -5.90388e-06 -0.00283226 7.5357e-09 
99497 -85.2825 0.00172487 -5.90268e-06 -0.0028367 7.51612e-09 
99498 -85.2848 0.00168539 -5.90146e-06 -0.00284111 7.49674e-09 
99499 -85.2871 0.00164684 -5.90022e-06 -0.00284549 7.47755e-09 
99500 -85.2894 0.00160921 -5.89897e-06 -0.00284986 7.45855e-09 
99501 -85.2917 0.00157246 -5.8977e-06 -0.00285421 7.43974e-09 
99502 -85.2939 0.00153658 -5.89642e-06 -0.00285853 7.42111e-09 
99503 -85.2961 0.00150154 -5.89513e-06 -0.00286283 7.40266e-09 
99504 -85.2983 0.00146732 -5.89382e-06 -0.00286711 7.3844e-09 
99505 -85.3005 0.00143391 -5.8925e-06 -0.00287137 7.36632e-09 
99506 -85.3026 0.00140129 -5.89117e-06 -0.0028756 7.34842e-09 
99507 -85.3048 0.00136943 -5.88983e-06 -0.00287982 7.33069e-09 
99508 -85.3069 0.00133832 -5.88848e-06 -0.00288401 7.31313e-09 
99509 -85.309 0.00130794 -5.88712e-06 -0.00288819 7.29575e-09 
99510 -85.3111 0.00127827 -5.88574e-06 -0.00289234 7.27853e-09 
99511 -85.3132 0.0012493 -5.88436e-06 -0.00289647 7.26149e-09 
99512 -85.3152 0.00122101 -5.88297e-06 -0.00290058 7.24461e-09 
99513 -85.3172 0.00119338 -5.88157e-06 -0.00290467 7.22789e-09 
99514 -85.3192 0.0011664 -5.88016e-06 -0.00290874 7.21134e-09 
99515 -85.3212 0.00114005 -5.87874e-06 -0.00291279 7.19495e-09 
99516 -85.3232 0.00111432 -5.87732e-06 -0.00291682 7.17872e-09 
99517 -85.3251 0.00108919 -5.87588e-06 -0.00292083 7.16264e-09 
99518 -85.3271 0.00106464 -5.87445e-06 -0.00292482 7.14672e-09 
99519 -85.329 0.00104067 -5.873e-06 -0.00292879 7.13095e-09 
99520 -85.3309 0.00101726 -5.87155e-06 -0.00293274 7.11534e-09 
99521 -85.3328 0.000994393 -5.87009e-06 -0.00293666 7.09988e-09 
99522 -85.3347 0.000972061 -5.86863e-06 -0.00294057 7.08456e-09 
99523 -85.3365 0.00095025 -5.86716e-06 -0.00294446 7.06939e-09 
99524 -85.3383 0.000928947 -5.86568e-06 -0.00294834 7.05437e-09 
99525 -85.3402 0.000908141 -5.8642e-06 -0.00295219 7.03949e-09 
99526 -85.342 0.000887819 -5.86272e-06 -0.00295602 7.02476e-09 
99527 -85.3437 0.000867969 -5.86123e-06 -0.00295983 7.01016e-09 
99528 -85.3455 0.000848582 -5.85974e-06 -0.00296363 6.99571e-09 
99529 -85.3473 0.000829646 -5.85825e-06 -0.0029674 6.98139e-09 
99530 -85.349 0.000811149 -5.85675e-06 -0.00297116 6.96721e-09 
99531 -85.3507 0.000793082 -5.85525e-06 -0.0029749 6.95316e-09 
99532 -85.3524 0.000775435 -5.85374e-06 -0.00297862 6.93925e-09 
99533 -85.3541 0.000758197 -5.85223e-06 -0.00298232 6.92547e-09 
99534 -85.3558 0.000741359 -5.85072e-06 -0.002986 6.91182e-09 
99535 -85.3575 0.000724912 -5.84921e-06 -0.00298967 6.8983e-09 
99536 -85.3591 0.000708846 -5.8477e-06 -0.00299331 6.88491e-09 
99537 -85.3607 0.000693151 -5.84618e-06 -0.00299694 6.87164e-09 
99538 -85.3624 0.000677821 -5.84467e-06 -0.00300055 6.8585e-09 
99539 -85.364 0.000662845 -5.84315e-06 -0.00300414 6.84548e-09 
99540 -85.3655 0.000648215 -5.84163e-06 -0.00300772 6.83258e-09 
99541 -85.3671 0.000633924 -5.84011e-06 -0.00301127 6.81981e-09 
99542 -85.3687 0.000619963 -5.83859e-06 -0.00301481 6.80715e-09 
99543 -85.3702 0.000606325 -5.83706e-06 -0.00301833 6.79462e-09 
99544 -85.3718 0.000593001 -5.83554e-06 -0.00302184 6.7822e-09 
99545 -85.3733 0.000579986 -5.83402e-06 -0.00302532 6.7699e-09 
99546 -85.3748 0.00056727 -5.8325e-06 -0.00302879 6.75771e-09 
99547 -85.3763 0.000554848 -5.83097e-06 -0.00303224 6.74563e-09 
99548 -85.3778 0.000542712 -5.82945e-06 -0.00303568 6.73367e-09 
99549 -85.3792 0.000530855 -5.82793e-06 -0.0030391 6.72182e-09 
99550 -85.3807 0.000519272 -5.82641e-06 -0.0030425 6.71008e-09 
99551 -85.3821 0.000507955 -5.82489e-06 -0.00304588 6.69844e-09 
99552 -85.3835 0.000496899 -5.82337e-06 -0.00304925 6.68692e-09 
99553 -85.385 0.000486097 -5.82185e-06 -0.0030526 6.6755e-09 
99554 -85.3864 0.000475543 -5.82033e-06 -0.00305594 6.66419e-09 
99555 -85.3878 0.000465232 -5.81882e-06 -0.00305925 6.65298e-09 
99556 -85.3891 0.000455158 -5.8173e-06 -0.00306255 6.64187e-09 
99557 -85.3905 0.000445315 -5.81579e-06 -0.00306584 6.63087e-09 
99558 -85.3919 0.000435698 -5.81428e-06 -0.00306911 6.61996e-09 
99559 -85.3932 0.000426302 -5.81277e-06 -0.00307236 6.60916e-09 
99560 -85.3945 0.000417121 -5.81126e-06 -0.0030756 6.59846e-09 
99561 -85.3959 0.00040815 -5.80975e-06 -0.00307882 6.58785e-09 
99562 -85.3972 0.000399385 -5.80825e-06 -0.00308202 6.57734e-09 
99563 -85.3985 0.000390821 -5.80675e-06 -0.00308521 6.56693e-09 
99564 -85.3997 0.000382453 -5.80525e-06 -0.00308838 6.55661e-09 
99565 -85.401 0.000374276 -5.80375e-06 -0.00309154 6.54638e-09 
99566 -85.4023 0.000366286 -5.80226e-06 -0.00309468 6.53625e-09 
99567 -85.4035 0.000358479 -5.80076e-06 -0.00309781 6.52621e-09 
99568 -85.4048 0.000350851 -5.79928e-06 -0.00310092 6.51626e-09 
99569 -85.406 0.000343396 -5.79779e-06 -0.00310401 6.5064e-09 
99570 -85.4072 0.000336112 -5.79631e-06 -0.00310709 6.49663e-09 
99571 -85.4084 0.000328995 -5.79483e-06 -0.00311016 6.48695e-09 
99572 -85.4096 0.000322039 -5.79335e-06 -0.00311321 6.47736e-09 
99573 -85.4108 0.000315242 -5.79188e-06 -0.00311624 6.46785e-09 
99574 -85.412 0.000308601 -5.79041e-06 -0.00311926 6.45842e-09 
99575 -85.4132 0.00030211 -5.78894e-06 -0.00312227 6.44909e-09 
99576 -85.4143 0.000295768 -5.78747e-06 -0.00312526 6.43983e-09 
99577 -85.4155 0.000289569 -5.78601e-06 -0.00312823 6.43066e-09 
99578 -85.4166 0.000283512 -5.78456e-06 -0.00313119 6.42157e-09 
99579 -85.4178 0.000277593 -5.7831e-06 -0.00313414 6.41256e-09 
99580 -85.4189 0.000271808 -5.78165e-06 -0.00313707 6.40363e-09 
99581 -85.42 0.000266155 -5.78021e-06 -0.00313999 6.39478e-09 
99582 -85.4211 0.00026063 -5.77877e-06 -0.00314289 6.38601e-09 
99583 -85.4222 0.000255231 -5.77733e-06 -0.00314578 6.37732e-09 
99584 -85.4233 0.000249955 -5.77589e-06 -0.00314865 6.3687e-09 
99585 -85.4243 0.000244798 -5.77446e-06 -0.00315151 6.36016e-09 
99586 -85.4254 0.000239758 -5.77304e-06 -0.00315436 6.3517e-09 
99587 -85.4265 0.000234833 -5.77162e-06 -0.00315719 6.34331e-09 
99588 -85.4275 0.000230019 -5.7702e-06 -0.00316001 6.33499e-09 
99589 -85.4285 0.000225314 -5.76878e-06 -0.00316281 6.32675e-09 
99590 -85.4296 0.000220716 -5.76737e-06 -0.0031656 6.31858e-09 
99591 -85.4306 0.000216222 -5.76597e-06 -0.00316838 6.31048e-09 
99592 -85.4316 0.00021183 -5.76457e-06 -0.00317114 6.30246e-09 
99593 -85.4326 0.000207537 -5.76317e-06 -0.00317389 6.2945e-09 
99594 -85.4336 0.000203341 -5.76178e-06 -0.00317663 6.28661e-09 
99595 -85.4346 0.00019924 -5.76039e-06 -0.00317935 6.27879e-09 
99596 -85.4356 0.000195232 -5.75901e-06 -0.00318206 6.27104e-09 
99597 -85.4365 0.000191314 -5.75763e-06 -0.00318475 6.26336e-09 
99598 -85.4375 0.000187485 -5.75625e-06 -0.00318743 6.25575e-09 
99599 -85.4385 0.000183742 -5.75488e-06 -0.0031901 6.2482e-09 
99600 -85.4394 0.000180084 -5.75352e-06 -0.00319276 6.24071e-09 
99601 -85.4403 0.000176508 -5.75216e-06 -0.0031954 6.23329e-09 
99602 -85.4413 0.000173013 -5.7508e-06 -0.00319803 6.22594e-09 
99603 -85.4422 0.000169597 -5.74945e-06 -0.00320065 6.21865e-09 
99604 -85.4431 0.000166258 -5.7481e-06 -0.00320325 6.21142e-09 
99605 -85.444 0.000162994 -5.74676e-06 -0.00320584 6.20425e-09 
99606 -85.4449 0.000159803 -5.74542e-06 -0.00320842 6.19715e-09 
99607 -85.4458 0.000156684 -5.74409e-06 -0.00321099 6.19011e-09 
99608 -85.4467 0.000153636 -5.74276e-06 -0.00321354 6.18312e-09 
99609 -85.4476 0.000150656 -5.74144e-06 -0.00321608 6.1762e-09 
99610 -85.4484 0.000147743 -5.74012e-06 -0.00321861 6.16934e-09 
99611 -85.4493 0.000144895 -5.73881e-06 -0.00322112 6.16253e-09 
99612 -85.4502 0.000142112 -5.7375e-06 -0.00322362 6.15579e-09 
99613 -85.451 0.000139391 -5.7362e-06 -0.00322611 6.1491e-09 
99614 -85.4518 0.000136731 -5.7349e-06 -0.00322859 6.14247e-09 
99615 -85.4527 0.000134131 -5.73361e-06 -0.00323106 6.13589e-09 
99616 -85.4535 0.000131589 -5.73232e-06 -0.00323351 6.12937e-09 
99617 -85.4543 0.000129104 -5.73104e-06 -0.00323596 6.12291e-09 
99618 -85.4551 0.000126675 -5.72976e-06 -0.00323838 6.1165e-09 
99619 -85.456 0.0001243 -5.72848e-06 -0.0032408 6.11014e-09 
99620 -85.4568 0.000121979 -5.72722e-06 -0.00324321 6.10384e-09 
99621 -85.4576 0.000119709 -5.72595e-06 -0.0032456 6.09759e-09 
99622 -85.4583 0.00011749 -5.72469e-06 -0.00324799 6.09139e-09 
99623 -85.4591 0.000115321 -5.72344e-06 -0.00325036 6.08525e-09 
99624 -85.4599 0.000113201 -5.72219e-06 -0.00325271 6.07916e-09 
99625 -85.4607 0.000111128 -5.72095e-06 -0.00325506 6.07312e-09 
99626 -85.4614 0.000109101 -5.71971e-06 -0.0032574 6.06713e-09 
99627 -85.4622 0.000107119 -5.71848e-06 -0.00325972 6.06119e-09 
99628 -85.4629 0.000105182 -5.71725e-06 -0.00326204 6.0553e-09 
99629 -85.4637 0.000103288 -5.71603e-06 -0.00326434 6.04945e-09 
99630 -85.4644 0.000101437 -5.71481e-06 -0.00326663 6.04366e-09 
99631 -85.4652 9.96263e-05 -5.7136e-06 -0.00326891 6.03792e-09 
99632 -85.4659 9.78563e-05 -5.71239e-06 -0.00327117 6.03222e-09 
99633 -85.4666 9.61258e-05 -5.71118e-06 -0.00327343 6.02657e-09 
99634 -85.4673 9.44339e-05 -5.70999e-06 -0.00327568 6.02097e-09 
99635 -85.468 9.27797e-05 -5.70879e-06 -0.00327791 6.01541e-09 
99636 -85.4687 9.11624e-05 -5.70761e-06 -0.00328013 6.0099e-09 
99637 -85.4694 8.95811e-05 -5.70642e-06 -0.00328235 6.00444e-09 
99638 -85.4701 8.80349e-05 -5.70525e-06 -0.00328455 5.99902e-09 
99639 -85.4708 8.65232e-05 -5.70408e-06 -0.00328674 5.99364e-09 
99640 -85.4715 8.50451e-05 -5.70291e-06 -0.00328892 5.98831e-09 
99641 -85.4722 8.35999e-05 -5.70175e-06 -0.00329109 5.98303e-09 
99642 -85.4728 8.21868e-05 -5.70059e-06 -0.00329325 5.97778e-09 
99643 -85.4735 8.08051e-05 -5.69944e-06 -0.00329539 5.97258e-09 
99644 -85.4742 7.94541e-05 -5.69829e-06 -0.00329753 5.96742e-09 
99645 -85.4748 7.81331e-05 -5.69715e-06 -0.00329966 5.96231e-09 
99646 -85.4755 7.68414e-05 -5.69601e-06 -0.00330177 5.95723e-09 
99647 -85.4761 7.55784e-05 -5.69488e-06 -0.00330388 5.9522e-09 
99648 -85.4768 7.43433e-05 -5.69375e-06 -0.00330597 5.94721e-09 
99649 -85.4774 7.31357e-05 -5.69263e-06 -0.00330806 5.94226e-09 
99650 -85.478 7.19549e-05 -5.69151e-06 -0.00331013 5.93735e-09 
99651 -85.4787 7.08002e-05 -5.6904e-06 -0.0033122 5.93248e-09 
99652 -85.4793 6.96711e-05 -5.6893e-06 -0.00331425 5.92764e-09 
99653 -85.4799 6.85669e-05 -5.68819e-06 -0.0033163 5.92285e-09 
99654 -85.4805 6.74873e-05 -5.6871e-06 -0.00331833 5.9181e-09 
99655 -85.4811 6.64315e-05 -5.68601e-06 -0.00332036 5.91338e-09 
99656 -85.4817 6.5399e-05 -5.68492e-06 -0.00332237 5.9087e-09 
99657 -85.4823 6.43894e-05 -5.68384e-06 -0.00332438 5.90406e-09 
99658 -85.4829 6.34021e-05 -5.68276e-06 -0.00332637 5.89946e-09 
99659 -85.4835 6.24367e-05 -5.68169e-06 -0.00332836 5.89489e-09 
99660 -85.4841 6.14925e-05 -5.68062e-06 -0.00333033 5.89036e-09 
99661 -85.4846 6.05692e-05 -5.67956e-06 -0.0033323 5.88587e-09 
99662 -85.4852 5.96662e-05 -5.6785e-06 -0.00333425 5.88141e-09 
99663 -85.4858 5.87832e-05 -5.67745e-06 -0.0033362 5.87699e-09 
99664 -85.4864 5.79197e-05 -5.6764e-06 -0.00333813 5.8726e-09 
99665 -85.4869 5.70752e-05 -5.67536e-06 -0.00334006 5.86825e-09 
99666 -85.4875 5.62493e-05 -5.67432e-06 -0.00334198 5.86394e-09 
99667 -85.488 5.54416e-05 -5.67329e-06 -0.00334388 5.85965e-09 
99668 -85.4886 5.46516e-05 -5.67226e-06 -0.00334578 5.8554e-09 
99669 -85.4891 5.38791e-05 -5.67124e-06 -0.00334767 5.85119e-09 
99670 -85.4897 5.31236e-05 -5.67022e-06 -0.00334955 5.847e-09 
99671 -85.4902 5.23847e-05 -5.66921e-06 -0.00335142 5.84286e-09 
99672 -85.4907 5.1662e-05 -5.6682e-06 -0.00335328 5.83874e-09 
99673 -85.4912 5.09552e-05 -5.66719e-06 -0.00335514 5.83465e-09 
99674 -85.4918 5.02639e-05 -5.66619e-06 -0.00335698 5.8306e-09 
99675 -85.4923 4.95879e-05 -5.6652e-06 -0.00335881 5.82658e-09 
99676 -85.4928 4.89266e-05 -5.66421e-06 -0.00336064 5.82259e-09 
99677 -85.4933 4.82799e-05 -5.66323e-06 -0.00336245 5.81863e-09 
99678 -85.4938 4.76474e-05 -5.66225e-06 -0.00336426 5.81471e-09 
99679 -85.4943 4.70287e-05 -5.66127e-06 -0.00336606 5.81081e-09 
99680 -85.4948 4.64236e-05 -5.6603e-06 -0.00336785 5.80694e-09 
99681 -85.4953 4.58317e-05 -5.65933e-06 -0.00336963 5.80311e-09 
99682 -85.4958 4.52528e-05 -5.65837e-06 -0.0033714 5.7993e-09 
99683 -85.4963 4.46866e-05 -5.65741e-06 -0.00337316 5.79552e-09 
99684 -85.4968 4.41328e-05 -5.65646e-06 -0.00337492 5.79178e-09 
99685 -85.4973 4.35911e-05 -5.65551e-06 -0.00337666 5.78806e-09 
99686 -85.4977 4.30612e-05 -5.65457e-06 -0.0033784 5.78437e-09 
99687 -85.4982 4.25429e-05 -5.65363e-06 -0.00338013 5.78071e-09 
99688 -85.4987 4.2036e-05 -5.6527e-06 -0.00338185 5.77707e-09 
99689 -85.4992 4.15401e-05 -5.65177e-06 -0.00338356 5.77347e-09 
99690 -85.4996 4.1055e-05 -5.65084e-06 -0.00338526 5.76989e-09 
99691 -85.5001 4.05805e-05 -5.64992e-06 -0.00338695 5.76634e-09 
99692 -85.5005 4.01164e-05 -5.649e-06 -0.00338864 5.76281e-09 
99693 -85.501 3.96624e-05 -5.64809e-06 -0.00339032 5.75932e-09 
99694 -85.5014 3.92182e-05 -5.64719e-06 -0.00339199 5.75585e-09 
99695 -85.5019 3.87838e-05 -5.64628e-06 -0.00339365 5.7524e-09 
99696 -85.5023 3.83588e-05 -5.64538e-06 -0.0033953 5.74899e-09 
99697 -85.5028 3.79431e-05 -5.64449e-06 -0.00339695 5.7456e-09 
99698 -85.5032 3.75364e-05 -5.6436e-06 -0.00339858 5.74223e-09 
99699 -85.5036 3.71385e-05 -5.64271e-06 -0.00340021 5.73889e-09 
99700 -85.5041 3.67493e-05 -5.64183e-06 -0.00340183 5.73557e-09 
99701 -85.5045 3.63685e-05 -5.64096e-06 -0.00340345 5.73228e-09 
99702 -85.5049 3.59961e-05 -5.64008e-06 -0.00340505 5.72902e-09 
99703 -85.5053 3.56317e-05 -5.63922e-06 -0.00340665 5.72578e-09 
99704 -85.5058 3.52752e-05 -5.63835e-06 -0.00340824 5.72256e-09 
99705 -85.5062 3.49264e-05 -5.63749e-06 -0.00340982 5.71937e-09 
99706 -85.5066 3.45852e-05 -5.63664e-06 -0.00341139 5.7162e-09 
99707 -85.507 3.42514e-05 -5.63578e-06 -0.00341295 5.71305e-09 
99708 -85.5074 3.39248e-05 -5.63494e-06 -0.00341451 5.70993e-09 
99709 -85.5078 3.36053e-05 -5.63409e-06 -0.00341606 5.70684e-09 
99710 -85.5082 3.32927e-05 -5.63326e-06 -0.0034176 5.70376e-09 
99711 -85.5086 3.29868e-05 -5.63242e-06 -0.00341914 5.70071e-09 
99712 -85.509 3.26876e-05 -5.63159e-06 -0.00342067 5.69768e-09 
99713 -85.5094 3.23948e-05 -5.63076e-06 -0.00342219 5.69467e-09 
99714 -85.5098 3.21084e-05 -5.62994e-06 -0.0034237 5.69169e-09 
99715 -85.5102 3.18281e-05 -5.62912e-06 -0.0034252 5.68872e-09 
99716 -85.5105 3.15539e-05 -5.62831e-06 -0.0034267 5.68578e-09 
99717 -85.5109 3.12856e-05 -5.6275e-06 -0.00342819 5.68286e-09 
99718 -85.5113 3.1023e-05 -5.62669e-06 -0.00342967 5.67996e-09 
99719 -85.5117 3.07662e-05 -5.62589e-06 -0.00343115 5.67709e-09 
99720 -85.5121 3.05148e-05 -5.62509e-06 -0.00343261 5.67423e-09 
99721 -85.5124 3.02689e-05 -5.6243e-06 -0.00343407 5.67139e-09 
99722 -85.5128 3.00282e-05 -5.62351e-06 -0.00343553 5.66858e-09 
99723 -85.5132 2.97927e-05 -5.62272e-06 -0.00343697 5.66579e-09 
99724 -85.5135 2.95623e-05 -5.62194e-06 -0.00343841 5.66301e-09 
99725 -85.5139 2.93368e-05 -5.62116e-06 -0.00343984 5.66026e-09 
99726 -85.5142 2.91161e-05 -5.62038e-06 -0.00344127 5.65752e-09 
99727 -85.5146 2.89002e-05 -5.61961e-06 -0.00344269 5.65481e-09 
99728 -85.5149 2.86889e-05 -5.61884e-06 -0.0034441 5.65212e-09 
99729 -85.5153 2.84822e-05 -5.61808e-06 -0.0034455 5.64944e-09 
99730 -85.5156 2.82798e-05 -5.61732e-06 -0.0034469 5.64679e-09 
99731 -85.516 2.80818e-05 -5.61656e-06 -0.00344829 5.64415e-09 
99732 -85.5163 2.7888e-05 -5.61581e-06 -0.00344967 5.64153e-09 
99733 -85.5167 2.76984e-05 -5.61506e-06 -0.00345104 5.63893e-09 
99734 -85.517 2.75128e-05 -5.61432e-06 -0.00345241 5.63635e-09 
99735 -85.5173 2.73311e-05 -5.61358e-06 -0.00345378 5.63379e-09 
99736 -85.5177 2.71534e-05 -5.61284e-06 -0.00345513 5.63125e-09 
99737 -85.518 2.69794e-05 -5.6121e-06 -0.00345648 5.62872e-09 
99738 -85.5183 2.68091e-05 -5.61137e-06 -0.00345782 5.62621e-09 
99739 -85.5186 2.66425e-05 -5.61065e-06 -0.00345916 5.62372e-09 
99740 -85.519 2.64794e-05 -5.60992e-06 -0.00346049 5.62125e-09 
99741 -85.5193 2.63197e-05 -5.6092e-06 -0.00346181 5.61879e-09 
99742 -85.5196 2.61635e-05 -5.60849e-06 -0.00346312 5.61636e-09 
99743 -85.5199 2.60105e-05 -5.60777e-06 -0.00346443 5.61394e-09 
99744 -85.5202 2.58609e-05 -5.60706e-06 -0.00346574 5.61153e-09 
99745 -85.5206 2.57143e-05 -5.60636e-06 -0.00346703 5.60915e-09 
99746 -85.5209 2.55709e-05 -5.60566e-06 -0.00346832 5.60678e-09 
99747 -85.5212 2.54305e-05 -5.60496e-06 -0.00346961 5.60442e-09 
99748 -85.5215 2.52931e-05 -5.60426e-06 -0.00347088 5.60208e-09 
99749 -85.5218 2.51586e-05 -5.60357e-06 -0.00347215 5.59976e-09 
99750 -85.5221 2.50269e-05 -5.60288e-06 -0.00347342 5.59746e-09 
99751 -85.5224 2.48981e-05 -5.6022e-06 -0.00347468 5.59517e-09 
99752 -85.5227 2.47719e-05 -5.60152e-06 -0.00347593 5.5929e-09 
99753 -85.523 2.46484e-05 -5.60084e-06 -0.00347717 5.59064e-09 
99754 -85.5233 2.45274e-05 -5.60016e-06 -0.00347841 5.5884e-09 
99755 -85.5236 2.44091e-05 -5.59949e-06 -0.00347965 5.58617e-09 
99756 -85.5239 2.42932e-05 -5.59882e-06 -0.00348087 5.58396e-09 
99757 -85.5241 2.41797e-05 -5.59816e-06 -0.00348209 5.58176e-09 
99758 -85.5244 2.40687e-05 -5.59749e-06 -0.00348331 5.57958e-09 
99759 -85.5247 2.39599e-05 -5.59684e-06 -0.00348452 5.57742e-09 
99760 -85.525 2.38534e-05 -5.59618e-06 -0.00348572 5.57527e-09 
99761 -85.5253 2.37492e-05 -5.59553e-06 -0.00348692 5.57313e-09 
99762 -85.5256 2.36471e-05 -5.59488e-06 -0.00348811 5.57101e-09 
99763 -85.5258 2.35472e-05 -5.59423e-06 -0.00348929 5.5689e-09 
99764 -85.5261 2.34494e-05 -5.59359e-06 -0.00349047 5.5668e-09 
99765 -85.5264 2.33536e-05 -5.59295e-06 -0.00349165 5.56473e-09 
99766 -85.5267 2.32598e-05 -5.59231e-06 -0.00349281 5.56266e-09 
99767 -85.5269 2.31679e-05 -5.59168e-06 -0.00349398 5.56061e-09 
99768 -85.5272 2.3078e-05 -5.59105e-06 -0.00349513 5.55857e-09 
99769 -85.5275 2.29899e-05 -5.59042e-06 -0.00349628 5.55655e-09 
99770 -85.5277 2.29036e-05 -5.5898e-06 -0.00349743 5.55454e-09 
99771 -85.528 2.28192e-05 -5.58918e-06 -0.00349857 5.55254e-09 
99772 -85.5283 2.27365e-05 -5.58856e-06 -0.0034997 5.55055e-09 
99773 -85.5285 2.26555e-05 -5.58794e-06 -0.00350083 5.54858e-09 
99774 -85.5288 2.25761e-05 -5.58733e-06 -0.00350195 5.54662e-09 
99775 -85.529 2.24985e-05 -5.58672e-06 -0.00350306 5.54468e-09 
99776 -85.5293 2.24224e-05 -5.58611e-06 -0.00350417 5.54275e-09 
99777 -85.5295 2.23479e-05 -5.58551e-06 -0.00350528 5.54083e-09 
99778 -85.5298 2.22749e-05 -5.58491e-06 -0.00350638 5.53892e-09 
99779 -85.53 2.22034e-05 -5.58431e-06 -0.00350747 5.53703e-09 
99780 -85.5303 2.21334e-05 -5.58372e-06 -0.00350856 5.53515e-09 
99781 -85.5305 2.20648e-05 -5.58312e-06 -0.00350964 5.53328e-09 
99782 -85.5308 2.19976e-05 -5.58253e-06 -0.00351072 5.53142e-09 
99783 -85.531 2.19318e-05 -5.58195e-06 -0.00351179 5.52957e-09 
99784 -85.5313 2.18674e-05 -5.58136e-06 -0.00351286 5.52774e-09 
99785 -85.5315 2.18042e-05 -5.58078e-06 -0.00351392 5.52592e-09 
99786 -85.5317 2.17424e-05 -5.5802e-06 -0.00351498 5.52411e-09 
99787 -85.532 2.16818e-05 -5.57963e-06 -0.00351603 5.52231e-09 
99788 -85.5322 2.16224e-05 -5.57906e-06 -0.00351708 5.52052e-09 
99789 -85.5325 2.15643e-05 -5.57849e-06 -0.00351812 5.51875e-09 
99790 -85.5327 2.15073e-05 -5.57792e-06 -0.00351915 5.51698e-09 
99791 -85.5329 2.14515e-05 -5.57735e-06 -0.00352018 5.51523e-09 
99792 -85.5331 2.13968e-05 -5.57679e-06 -0.00352121 5.51349e-09 
99793 -85.5334 2.13432e-05 -5.57623e-06 -0.00352223 5.51176e-09 
99794 -85.5336 2.12907e-05 -5.57568e-06 -0.00352324 5.51004e-09 
99795 -85.5338 2.12393e-05 -5.57512e-06 -0.00352425 5.50833e-09 
99796 -85.5341 2.11889e-05 -5.57457e-06 -0.00352526 5.50663e-09 
99797 -85.5343 2.11395e-05 -5.57402e-06 -0.00352626 5.50495e-09 
99798 -85.5345 2.10911e-05 -5.57347e-06 -0.00352725 5.50327e-09 
99799 -85.5347 2.10436e-05 -5.57293e-06 -0.00352824 5.5016e-09 
99800 -85.5349 2.09971e-05 -5.57239e-06 -0.00352923 5.49995e-09 
99801 -85.5352 2.09516e-05 -5.57185e-06 -0.00353021 5.4983e-09 
99802 -85.5354 2.09069e-05 -5.57131e-06 -0.00353118 5.49667e-09 
99803 -85.5356 2.08632e-05 -5.57078e-06 -0.00353215 5.49504e-09 
99804 -85.5358 2.08203e-05 -5.57025e-06 -0.00353312 5.49343e-09 
99805 -85.536 2.07783e-05 -5.56972e-06 -0.00353408 5.49183e-09 
99806 -85.5362 2.0737e-05 -5.56919e-06 -0.00353503 5.49023e-09 
99807 -85.5364 2.06967e-05 -5.56867e-06 -0.00353599 5.48865e-09 
99808 -85.5366 2.06571e-05 -5.56815e-06 -0.00353693 5.48707e-09 
99809 -85.5369 2.06183e-05 -5.56763e-06 -0.00353787 5.4855e-09 
99810 -85.5371 2.05802e-05 -5.56711e-06 -0.00353881 5.48395e-09 
99811 -85.5373 2.05429e-05 -5.5666e-06 -0.00353974 5.4824e-09 
99812 -85.5375 2.05064e-05 -5.56609e-06 -0.00354067 5.48086e-09 
99813 -85.5377 2.04705e-05 -5.56558e-06 -0.00354159 5.47934e-09 
99814 -85.5379 2.04354e-05 -5.56507e-06 -0.00354251 5.47782e-09 
99815 -85.5381 2.04009e-05 -5.56456e-06 -0.00354342 5.47631e-09 
99816 -85.5383 2.03671e-05 -5.56406e-06 -0.00354433 5.47481e-09 
99817 -85.5385 2.0334e-05 -5.56356e-06 -0.00354524 5.47332e-09 
99818 -85.5387 2.03015e-05 -5.56306e-06 -0.00354614 5.47183e-09 
99819 -85.5389 2.02696e-05 -5.56256e-06 -0.00354703 5.47036e-09 
99820 -85.5391 2.02384e-05 -5.56207e-06 -0.00354792 5.4689e-09 
99821 -85.5393 2.02078e-05 -5.56158e-06 -0.00354881 5.46744e-09 
99822 -85.5394 2.01777e-05 -5.56109e-06 -0.00354969 5.46599e-09 
99823 -85.5396 2.01482e-05 -5.5606e-06 -0.00355057 5.46455e-09 
99824 -85.5398 2.01193e-05 -5.56012e-06 -0.00355144 5.46312e-09 
99825 -85.54 2.0091e-05 -5.55963e-06 -0.00355231 5.4617e-09 
99826 -85.5402 2.00632e-05 -5.55915e-06 -0.00355317 5.46029e-09 
99827 -85.5404 2.00359e-05 -5.55868e-06 -0.00355403 5.45888e-09 
99828 -85.5406 2.00091e-05 -5.5582e-06 -0.00355489 5.45749e-09 
99829 -85.5408 1.99828e-05 -5.55772e-06 -0.00355574 5.4561e-09 
99830 -85.5409 1.99571e-05 -5.55725e-06 -0.00355659 5.45472e-09 
99831 -85.5411 1.99318e-05 -5.55678e-06 -0.00355743 5.45334e-09 
99832 -85.5413 1.9907e-05 -5.55631e-06 -0.00355827 5.45198e-09 
99833 -85.5415 1.98827e-05 -5.55585e-06 -0.0035591 5.45062e-09 
99834 -85.5417 1.98588e-05 -5.55538e-06 -0.00355993 5.44927e-09 
99835 -85.5419 1.98354e-05 -5.55492e-06 -0.00356076 5.44793e-09 
99836 -85.542 1.98124e-05 -5.55446e-06 -0.00356158 5.44659e-09 
99837 -85.5422 1.97898e-05 -5.554e-06 -0.0035624 5.44527e-09 
99838 -85.5424 1.97677e-05 -5.55355e-06 -0.00356321 5.44395e-09 
99839 -85.5426 1.9746e-05 -5.55309e-06 -0.00356402 5.44264e-09 
99840 -85.5427 1.97246e-05 -5.55264e-06 -0.00356482 5.44133e-09 
99841 -85.5429 1.97037e-05 -5.55219e-06 -0.00356563 5.44004e-09 
99842 -85.5431 1.96831e-05 -5.55174e-06 -0.00356642 5.43875e-09 
99843 -85.5432 1.9663e-05 -5.5513e-06 -0.00356722 5.43747e-09 
99844 -85.5434 1.96431e-05 -5.55085e-06 -0.00356801 5.43619e-09 
99845 -85.5436 1.96237e-05 -5.55041e-06 -0.00356879 5.43492e-09 
99846 -85.5438 1.96046e-05 -5.54997e-06 -0.00356957 5.43366e-09 
99847 -85.5439 1.95859e-05 -5.54953e-06 -0.00357035 5.43241e-09 
99848 -85.5441 1.95674e-05 -5.54909e-06 -0.00357112 5.43116e-09 
99849 -85.5443 1.95494e-05 -5.54866e-06 -0.00357189 5.42992e-09 
99850 -85.5444 1.95316e-05 -5.54822e-06 -0.00357266 5.42869e-09 
99851 -85.5446 1.95142e-05 -5.54779e-06 -0.00357342 5.42746e-09 
99852 -85.5447 1.94971e-05 -5.54736e-06 -0.00357418 5.42624e-09 
99853 -85.5449 1.94802e-05 -5.54694e-06 -0.00357493 5.42503e-09 
99854 -85.5451 1.94637e-05 -5.54651e-06 -0.00357568 5.42382e-09 
99855 -85.5452 1.94475e-05 -5.54609e-06 -0.00357643 5.42262e-09 
99856 -85.5454 1.94316e-05 -5.54566e-06 -0.00357717 5.42143e-09 
99857 -85.5456 1.94159e-05 -5.54524e-06 -0.00357791 5.42024e-09 
99858 -85.5457 1.94005e-05 -5.54482e-06 -0.00357864 5.41906e-09 
99859 -85.5459 1.93854e-05 -5.54441e-06 -0.00357937 5.41789e-09 
99860 -85.546 1.93705e-05 -5.54399e-06 -0.0035801 5.41672e-09 
99861 -85.5462 1.93559e-05 -5.54358e-06 -0.00358083 5.41556e-09 
99862 -85.5463 1.93416e-05 -5.54317e-06 -0.00358155 5.4144e-09 
99863 -85.5465 1.93275e-05 -5.54276e-06 -0.00358226 5.41325e-09 
99864 -85.5466 1.93136e-05 -5.54235e-06 -0.00358298 5.41211e-09 
99865 -85.5468 1.93e-05 -5.54194e-06 -0.00358369 5.41097e-09 
99866 -85.5469 1.92866e-05 -5.54153e-06 -0.00358439 5.40984e-09 
99867 -85.5471 1.92735e-05 -5.54113e-06 -0.00358509 5.40871e-09 
99868 -85.5472 1.92605e-05 -5.54073e-06 -0.00358579 5.40759e-09 
99869 -85.5474 1.92478e-05 -5.54033e-06 -0.00358649 5.40648e-09 
99870 -85.5475 1.92353e-05 -5.53993e-06 -0.00358718 5.40537e-09 
99871 -85.5477 1.9223e-05 -5.53953e-06 -0.00358787 5.40427e-09 
99872 -85.5478 1.92109e-05 -5.53914e-06 -0.00358855 5.40317e-09 
99873 -85.548 1.9199e-05 -5.53874e-06 -0.00358923 5.40208e-09 
99874 -85.5481 1.91873e-05 -5.53835e-06 -0.00358991 5.40099e-09 
99875 -85.5483 1.91758e-05 -5.53796e-06 -0.00359058 5.39991e-09 
99876 -85.5484 1.91645e-05 -5.53757e-06 -0.00359126 5.39884e-09 
99877 -85.5486 1.91534e-05 -5.53718e-06 -0.00359192 5.39777e-09 
99878 -85.5487 1.91425e-05 -5.53679e-06 -0.00359259 5.3967e-09 
99879 -85.5489 1.91317e-05 -5.53641e-06 -0.00359325 5.39565e-09 
99880 -85.549 1.91211e-05 -5.53602e-06 -0.0035939 5.39459e-09 
99881 -85.5491 1.91107e-05 -5.53564e-06 -0.00359456 5.39354e-09 
99882 -85.5493 1.91004e-05 -5.53526e-06 -0.00359521 5.3925e-09 
99883 -85.5494 1.90903e-05 -5.53488e-06 -0.00359586 5.39146e-09 
99884 -85.5496 1.90804e-05 -5.53451e-06 -0.0035965 5.39043e-09 
99885 -85.5497 1.90706e-05 -5.53413e-06 -0.00359714 5.3894e-09 
99886 -85.5498 1.9061e-05 -5.53375e-06 -0.00359778 5.38838e-09 
99887 -85.55 1.90515e-05 -5.53338e-06 -0.00359841 5.38736e-09 
99888 -85.5501 1.90421e-05 -5.53301e-06 -0.00359904 5.38635e-09 
99889 -85.5502 1.9033e-05 -5.53264e-06 -0.00359967 5.38534e-09 
99890 -85.5504 1.90239e-05 -5.53227e-06 -0.0036003 5.38434e-09 
99891 -85.5505 1.9015e-05 -5.5319e-06 -0.00360092 5.38334e-09 
99892 -85.5506 1.90062e-05 -5.53154e-06 -0.00360154 5.38235e-09 
99893 -85.5508 1.89976e-05 -5.53117e-06 -0.00360215 5.38136e-09 
99894 -85.5509 1.89891e-05 -5.53081e-06 -0.00360276 5.38038e-09 
99895 -85.551 1.89807e-05 -5.53045e-06 -0.00360337 5.3794e-09 
99896 -85.5512 1.89725e-05 -5.53008e-06 -0.00360398 5.37842e-09 
99897 -85.5513 1.89643e-05 -5.52973e-06 -0.00360458 5.37745e-09 
99898 -85.5514 1.89563e-05 -5.52937e-06 -0.00360518 5.37649e-09 
99899 -85.5516 1.89484e-05 -5.52901e-06 -0.00360578 5.37553e-09 
99900 -85.5517 1.89406e-05 -5.52865e-06 -0.00360637 5.37457e-09 
99901 -85.5518 1.8933e-05 -5.5283e-06 -0.00360696 5.37362e-09 
99902 -85.552 1.89254e-05 -5.52795e-06 -0.00360755 5.37267e-09 
99903 -85.5521 1.8918e-05 -5.5276e-06 -0.00360813 5.37173e-09 
99904 -85.5522 1.89106e-05 -5.52725e-06 -0.00360871 5.37079e-09 
99905 -85.5523 1.89034e-05 -5.5269e-06 -0.00360929 5.36986e-09 
99906 -85.5525 1.88963e-05 -5.52655e-06 -0.00360987 5.36893e-09 
99907 -85.5526 1.88892e-05 -5.5262e-06 -0.00361044 5.368e-09 
99908 -85.5527 1.88823e-05 -5.52586e-06 -0.00361101 5.36708e-09 
99909 -85.5528 1.88755e-05 -5.52551e-06 -0.00361157 5.36616e-09 
99910 -85.553 1.88687e-05 -5.52517e-06 -0.00361214 5.36525e-09 
99911 -85.5531 1.88621e-05 -5.52483e-06 -0.0036127 5.36434e-09 
99912 -85.5532 1.88555e-05 -5.52449e-06 -0.00361326 5.36343e-09 
99913 -85.5533 1.8849e-05 -5.52415e-06 -0.00361381 5.36253e-09 
99914 -85.5534 1.88427e-05 -5.52381e-06 -0.00361436 5.36164e-09 
99915 -85.5536 1.88364e-05 -5.52347e-06 -0.00361491 5.36074e-09 
99916 -85.5537 1.88301e-05 -5.52314e-06 -0.00361546 5.35985e-09 
99917 -85.5538 1.8824e-05 -5.5228e-06 -0.003616 5.35897e-09 
99918 -85.5539 1.8818e-05 -5.52247e-06 -0.00361654 5.35809e-09 
99919 -85.554 1.8812e-05 -5.52214e-06 -0.00361708 5.35721e-09 
99920 -85.5542 1.88061e-05 -5.5218e-06 -0.00361762 5.35634e-09 
99921 -85.5543 1.88003e-05 -5.52147e-06 -0.00361815 5.35547e-09 
99922 -85.5544 1.87945e-05 -5.52115e-06 -0.00361868 5.3546e-09 
99923 -85.5545 1.87888e-05 -5.52082e-06 -0.00361921 5.35374e-09 
99924 -85.5546 1.87832e-05 -5.52049e-06 -0.00361973 5.35288e-09 
99925 -85.5547 1.87777e-05 -5.52016e-06 -0.00362025 5.35202e-09 
99926 -85.5549 1.87723e-05 -5.51984e-06 -0.00362077 5.35117e-09 
99927 -85.555 1.87669e-05 -5.51952e-06 -0.00362129 5.35032e-09 
99928 -85.5551 1.87615e-05 -5.51919e-06 -0.0036218 5.34948e-09 
99929 -85.5552 1.87563e-05 -5.51887e-06 -0.00362231 5.34864e-09 
99930 -85.5553 1.87511e-05 -5.51855e-06 -0.00362282 5.3478e-09 
99931 -85.5554 1.87459e-05 -5.51823e-06 -0.00362333 5.34697e-09 
99932 -85.5555 1.87409e-05 -5.51791e-06 -0.00362383 5.34614e-09 
99933 -85.5557 1.87358e-05 -5.5176e-06 -0.00362433 5.34531e-09 
99934 -85.5558 1.87309e-05 -5.51728e-06 -0.00362483 5.34449e-09 
99935 -85.5559 1.8726e-05 -5.51697e-06 -0.00362533 5.34367e-09 
99936 -85.556 1.87211e-05 -5.51665e-06 -0.00362582 5.34285e-09 
99937 -85.5561 1.87164e-05 -5.51634e-06 -0.00362631 5.34203e-09 
99938 -85.5562 1.87116e-05 -5.51603e-06 -0.0036268 5.34122e-09 
99939 -85.5563 1.87069e-05 -5.51572e-06 -0.00362728 5.34042e-09 
99940 -85.5564 1.87023e-05 -5.51541e-06 -0.00362777 5.33961e-09 
99941 -85.5565 1.86977e-05 -5.5151e-06 -0.00362825 5.33881e-09 
99942 -85.5567 1.86932e-05 -5.51479e-06 -0.00362872 5.33802e-09 
99943 -85.5568 1.86887e-05 -5.51448e-06 -0.0036292 5.33722e-09 
99944 -85.5569 1.86843e-05 -5.51417e-06 -0.00362967 5.33643e-09 
99945 -85.557 1.86799e-05 -5.51387e-06 -0.00363014 5.33564e-09 
99946 -85.5571 1.86756e-05 -5.51356e-06 -0.00363061 5.33486e-09 
99947 -85.5572 1.86713e-05 -5.51326e-06 -0.00363108 5.33407e-09 
99948 -85.5573 1.86671e-05 -5.51296e-06 -0.00363154 5.3333e-09 
99949 -85.5574 1.86629e-05 -5.51266e-06 -0.003632 5.33252e-09 
99950 -85.5575 1.86587e-05 -5.51236e-06 -0.00363246 5.33175e-09 
99951 -85.5576 1.86546e-05 -5.51206e-06 -0.00363291 5.33098e-09 
99952 -85.5577 1.86506e-05 -5.51176e-06 -0.00363337 5.33021e-09 
99953 -85.5578 1.86465e-05 -5.51146e-06 -0.00363382 5.32945e-09 
99954 -85.5579 1.86426e-05 -5.51116e-06 -0.00363427 5.32868e-09 
99955 -85.558 1.86386e-05 -5.51087e-06 -0.00363471 5.32793e-09 
99956 -85.5581 1.86347e-05 -5.51057e-06 -0.00363516 5.32717e-09 
99957 -85.5582 1.86308e-05 -5.51028e-06 -0.0036356 5.32642e-09 
99958 -85.5583 1.8627e-05 -5.50998e-06 -0.00363604 5.32567e-09 
99959 -85.5584 1.86232e-05 -5.50969e-06 -0.00363648 5.32492e-09 
99960 -85.5585 1.86195e-05 -5.5094e-06 -0.00363691 5.32418e-09 
99961 -85.5586 1.86157e-05 -5.50911e-06 -0.00363735 5.32343e-09 
99962 -85.5587 1.8612e-05 -5.50882e-06 -0.00363778 5.3227e-09 
99963 -85.5588 1.86084e-05 -5.50853e-06 -0.0036382 5.32196e-09 
99964 -85.5589 1.86048e-05 -5.50824e-06 -0.00363863 5.32123e-09 
99965 -85.559 1.86012e-05 -5.50795e-06 -0.00363905 5.32049e-09 
99966 -85.5591 1.85976e-05 -5.50767e-06 -0.00363948 5.31977e-09 
99967 -85.5592 1.85941e-05 -5.50738e-06 -0.0036399 5.31904e-09 
99968 -85.5593 1.85906e-05 -5.50709e-06 -0.00364031 5.31832e-09 
99969 -85.5594 1.85872e-05 -5.50681e-06 -0.00364073 5.3176e-09 
99970 -85.5595 1.85837e-05 -5.50653e-06 -0.00364114 5.31688e-09 
99971 -85.5596 1.85803e-05 -5.50624e-06 -0.00364155 5.31616e-09 
99972 -85.5597 1.8577e-05 -5.50596e-06 -0.00364196 5.31545e-09 
99973 -85.5598 1.85736e-05 -5.50568e-06 -0.00364237 5.31474e-09 
99974 -85.5599 1.85703e-05 -5.5054e-06 -0.00364277 5.31403e-09 
99975 -85.56 1.8567e-05 -5.50512e-06 -0.00364317 5.31332e-09 
99976 -85.5601 1.85638e-05 -5.50484e-06 -0.00364357 5.31262e-09 
99977 -85.5602 1.85605e-05 -5.50456e-06 -0.00364397 5.31192e-09 
99978 -85.5603 1.85573e-05 -5.50429e-06 -0.00364437 5.31122e-09 
99979 -85.5604 1.85541e-05 -5.50401e-06 -0.00364476 5.31053e-09 
99980 -85.5605 1.8551e-05 -5.50373e-06 -0.00364515 5.30983e-09 
99981 -85.5606 1.85479e-05 -5.50346e-06 -0.00364554 5.30914e-09 
99982 -85.5607 1.85447e-05 -5.50318e-06 -0.00364593 5.30845e-09 
99983 -85.5608 1.85417e-05 -5.50291e-06 -0.00364632 5.30776e-09 
99984 -85.5609 1.85386e-05 -5.50264e-06 -0.0036467 5.30708e-09 
99985 -85.561 1.85356e-05 -5.50236e-06 -0.00364708 5.3064e-09 
99986 -85.5611 1.85326e-05 -5.50209e-06 -0.00364746 5.30572e-09 
99987 -85.5612 1.85296e-05 -5.50182e-06 -0.00364784 5.30504e-09 
99988 -85.5613 1.85266e-05 -5.50155e-06 -0.00364822 5.30436e-09 
99989 -85.5614 1.85237e-05 -5.50128e-06 -0.00364859 5.30369e-09 
99990 -85.5614 1.85207e-05 -5.50101e-06 -0.00364896 5.30302e-09 
99991 -85.5615 1.85178e-05 -5.50075e-06 -0.00364933 5.30235e-09 
99992 -85.5616 1.85149e-05 -5.50048e-06 -0.0036497 5.30168e-09 
99993 -85.5617 1.85121e-05 -5.50021e-06 -0.00365006 5.30101e-09 
99994 -85.5618 1.85092e-05 -5.49994e-06 -0.00365043 5.30035e-09 
99995 -85.5619 1.85064e-05 -5.49968e-06 -0.00365079 5.29969e-09 
99996 -85.562 1.85036e-05 -5.49941e-06 -0.00365115 5.29903e-09 
99997 -85.5621 1.85008e-05 -5.49915e-06 -0.00365151 5.29837e-09 
99998 -85.5622 1.84981e-05 -5.49889e-06 -0.00365186 5.29772e-09 
99999 -85.5623 1.84953e-05 -5.49862e-06 -0.00365222 5.29707e-09 
