98950 -85.9364 5.89791e-05 -4.48131e-06 -0.00353432 3.32604e-09 
98951 -85.9364 5.89735e-05 -4.48119e-06 -0.00353444 3.32572e-09 
98952 -85.9365 5.89679e-05 -4.48106e-06 -0.00353456 3.3254e-09 
98953 -85.9365 5.89623e-05 -4.48094e-06 -0.00353467 3.32509e-09 
98954 -85.9366 5.89567e-05 -4.48081e-06 -0.00353479 3.32477e-09 
98955 -85.9366 5.89511e-05 -4.48069e-06 -0.00353491 3.32446e-09 
98956 -85.9367 5.89456e-05 -4.48056e-06 -0.00353502 3.32414e-09 
98957 -85.9367 5.894e-05 -4.48044e-06 -0.00353514 3.32383e-09 
98958 -85.9368 5.89345e-05 -4.48031e-06 -0.00353525 3.32352e-09 
98959 -85.9368 5.8929e-05 -4.48019e-06 -0.00353536 3.3232e-09 
98960 -85.9369 5.89235e-05 -4.48007e-06 -0.00353548 3.32289e-09 
98961 -85.9369 5.89181e-05 -4.47994e-06 -0.00353559 3.32258e-09 
98962 -85.937 5.89127e-05 -4.47982e-06 -0.0035357 3.32228e-09 
98963 -85.937 5.89072e-05 -4.4797e-06 -0.00353581 3.32197e-09 
98964 -85.9371 5.89018e-05 -4.47958e-06 -0.00353592 3.32166e-09 
98965 -85.9371 5.88965e-05 -4.47946e-06 -0.00353603 3.32136e-09 
98966 -85.9372 5.88911e-05 -4.47933e-06 -0.00353614 3.32105e-09 
98967 -85.9372 5.88857e-05 -4.47921e-06 -0.00353625 3.32075e-09 
98968 -85.9373 5.88804e-05 -4.47909e-06 -0.00353635 3.32045e-09 
98969 -85.9373 5.88751e-05 -4.47897e-06 -0.00353646 3.32015e-09 
98970 -85.9374 5.88698e-05 -4.47885e-06 -0.00353657 3.31985e-09 
98971 -85.9374 5.88645e-05 -4.47873e-06 -0.00353667 3.31955e-09 
98972 -85.9375 5.88593e-05 -4.47861e-06 -0.00353678 3.31925e-09 
98973 -85.9375 5.8854e-05 -4.47849e-06 -0.00353688 3.31895e-09 
98974 -85.9376 5.88488e-05 -4.47837e-06 -0.00353699 3.31865e-09 
98975 -85.9376 5.88436e-05 -4.47826e-06 -0.00353709 3.31836e-09 
98976 -85.9376 5.88384e-05 -4.47814e-06 -0.0035372 3.31806e-09 
98977 -85.9377 5.88332e-05 -4.47802e-06 -0.0035373 3.31777e-09 
98978 -85.9377 5.88281e-05 -4.4779e-06 -0.0035374 3.31747e-09 
98979 -85.9378 5.88229e-05 -4.47779e-06 -0.0035375 3.31718e-09 
98980 -85.9378 5.88178e-05 -4.47767e-06 -0.0035376 3.31689e-09 
98981 -85.9379 5.88127e-05 -4.47755e-06 -0.0035377 3.3166e-09 
98982 -85.9379 5.88076e-05 -4.47744e-06 -0.0035378 3.31631e-09 
98983 -85.938 5.88025e-05 -4.47732e-06 -0.0035379 3.31602e-09 
98984 -85.938 5.87974e-05 -4.4772e-06 -0.003538 3.31573e-09 
98985 -85.9381 5.87924e-05 -4.47709e-06 -0.0035381 3.31544e-09 
98986 -85.9381 5.87874e-05 -4.47697e-06 -0.0035382 3.31516e-09 
98987 -85.9382 5.87823e-05 -4.47686e-06 -0.00353829 3.31487e-09 
98988 -85.9382 5.87773e-05 -4.47674e-06 -0.00353839 3.31459e-09 
98989 -85.9383 5.87724e-05 -4.47663e-06 -0.00353849 3.3143e-09 
98990 -85.9383 5.87674e-05 -4.47652e-06 -0.00353858 3.31402e-09 
98991 -85.9384 5.87624e-05 -4.4764e-06 -0.00353868 3.31374e-09 
98992 -85.9384 5.87575e-05 -4.47629e-06 -0.00353877 3.31346e-09 
98993 -85.9384 5.87526e-05 -4.47617e-06 -0.00353886 3.31318e-09 
98994 -85.9385 5.87476e-05 -4.47606e-06 -0.00353896 3.3129e-09 
98995 -85.9385 5.87427e-05 -4.47595e-06 -0.00353905 3.31262e-09 
98996 -85.9386 5.87379e-05 -4.47584e-06 -0.00353914 3.31234e-09 
98997 -85.9386 5.8733e-05 -4.47572e-06 -0.00353923 3.31206e-09 
98998 -85.9387 5.87281e-05 -4.47561e-06 -0.00353933 3.31179e-09 
98999 -85.9387 5.87233e-05 -4.4755e-06 -0.00353942 3.31151e-09 
99000 -85.9388 5.87185e-05 -4.47539e-06 -0.00353951 3.31123e-09 
99001 18.643 0.0397008 -242.81 -1.90839 0.055246 
99002 33.2278 4.82951 -0.00350391 -6.53662 13.98 
99003 22.576 4.26867 -7.90952e-07 -10.2799 11.6636 
99004 18.5728 3.39235 -4.8611e-10 -10.8345 8.5624 
99005 17.6196 2.71648 -5.83702e-13 -9.52189 6.42007 
99006 17.3813 2.19314 -4.41e-14 -7.63344 4.96406 
99007 17.0424 1.78368 -9.75253e-15 -5.99245 3.91727 
99008 16.6171 1.46953 -2.32626e-15 -4.8845 3.12748 
99009 16.2783 1.23513 -5.662e-16 -4.16643 2.52224 
99010 16.0898 1.06405 -1.37028e-16 -3.67495 2.05768 
99011 16.0433 0.941422 -3.38675e-17 -3.321 1.70022 
99012 16.1089 0.85513 -9.74214e-18 -3.05668 1.42307 
99013 16.2559 0.795793 -4.1473e-18 -2.85462 1.20539 
99014 16.4593 0.756331 -2.71693e-18 -2.69867 1.03152 
99015 16.7021 0.731466 -2.18534e-18 -2.57861 0.889969 
99016 16.9727 0.717281 -1.85022e-18 -2.48582 0.772557 
99017 17.2611 0.710861 -1.57383e-18 -2.41031 0.673447 
99018 17.5556 0.710042 -1.33566e-18 -2.34332 0.588431 
99019 17.8444 0.713246 -1.13509e-18 -2.28139 0.514465 
99020 18.1187 0.719351 -9.70717e-19 -2.22451 0.449408 
99021 18.3735 0.727565 -8.38333e-19 -2.17313 0.391799 
99022 18.6062 0.737327 -7.32632e-19 -2.12725 0.340648 
99023 18.8154 0.748232 -6.48566e-19 -2.08658 0.295253 
99024 19.0006 0.759988 -5.81871e-19 -2.05074 0.255077 
99025 19.1617 0.772382 -5.29137e-19 -2.01931 0.219663 
99026 19.2989 0.785259 -4.87707e-19 -1.99189 0.188598 
99027 19.4125 0.798506 -4.55534e-19 -1.96812 0.161487 
99028 19.5031 0.81204 -4.31056e-19 -1.94768 0.13795 
99029 19.5713 0.825801 -4.13085e-19 -1.93028 0.117618 
99030 19.618 0.839746 -4.0073e-19 -1.91563 0.100138 
99031 19.644 0.853842 -3.93331e-19 -1.9035 0.0851783 
99032 19.6502 0.868066 -3.90416e-19 -1.89366 0.0724284 
99033 19.6377 0.8824 -3.91664e-19 -1.88591 0.0616035 
99034 19.6076 0.89683 -3.96881e-19 -1.88007 0.052445 
99035 19.5608 0.911344 -4.05983e-19 -1.87594 0.044721 
99036 19.4985 0.925932 -4.18986e-19 -1.87338 0.0382258 
99037 19.4217 0.940587 -4.35992e-19 -1.87224 0.0327783 
99038 19.3314 0.9553 -4.57191e-19 -1.87238 0.0282206 
99039 19.2285 0.970064 -4.8286e-19 -1.87367 0.024416 
99040 19.114 0.984873 -5.13363e-19 -1.87601 0.0212468 
99041 18.9886 0.99972 -5.49159e-19 -1.87929 0.0186124 
99042 18.8532 1.0146 -5.90808e-19 -1.8834 0.016427 
99043 18.7085 1.02951 -6.38984e-19 -1.88827 0.0146181 
99044 18.5552 1.04444 -6.94492e-19 -1.89382 0.0131242 
99045 18.3937 1.0594 -7.58281e-19 -1.89996 0.0118938 
99046 18.2247 1.07437 -8.31473e-19 -1.90664 0.0108834 
99047 18.0485 1.08936 -9.15385e-19 -1.91379 0.0100567 
99048 17.8657 1.10436 -1.01157e-18 -1.92135 0.00938342 
99049 17.6764 1.11939 -1.12186e-18 -1.92929 0.00883808 
99050 17.4811 1.13443 -1.24841e-18 -1.93755 0.00839955 
99051 17.2799 1.1495 -1.39377e-18 -1.94609 0.00805024 
99052 17.0731 1.16459 -1.56094e-18 -1.95488 0.00777546 
99053 16.8607 1.17971 -1.7535e-18 -1.96388 0.00756302 
99054 16.6429 1.19487 -1.97572e-18 -1.97306 0.00740276 
99055 16.4197 1.21007 -2.23265e-18 -1.9824 0.00728625 
99056 16.1911 1.22532 -2.53037e-18 -1.99187 0.00720647 
99057 15.9572 1.24064 -2.87618e-18 -2.00144 0.00715759 
99058 15.7179 1.25602 -3.27885e-18 -2.01111 0.00713474 
99059 15.4731 1.27149 -3.74902e-18 -2.02084 0.0071339 
99060 15.2227 1.28706 -4.29957e-18 -2.03063 0.00715171 
99061 14.9665 1.30274 -4.94621e-18 -2.04046 0.00718538 
99062 14.7044 1.31854 -5.70819e-18 -2.0503 0.00723259 
99063 14.4361 1.33448 -6.60911e-18 -2.06016 0.00729142 
99064 14.1615 1.35057 -7.67817e-18 -2.07002 0.00736027 
99065 13.8803 1.36685 -8.95152e-18 -2.07986 0.00743782 
99066 13.5923 1.38331 -1.04743e-17 -2.08968 0.00752298 
99067 13.297 1.4 -1.23029e-17 -2.09945 0.00761487 
99068 12.9941 1.41692 -1.45086e-17 -2.10918 0.00771276 
99069 12.6833 1.43411 -1.71814e-17 -2.11885 0.00781607 
99070 12.3642 1.45158 -2.04361e-17 -2.12844 0.00792435 
99071 12.0362 1.46937 -2.44198e-17 -2.13794 0.00803727 
99072 11.699 1.48751 -2.93224e-17 -2.14733 0.00815457 
99073 11.3519 1.50602 -3.53904e-17 -2.15661 0.00827613 
99074 10.9945 1.52495 -4.29462e-17 -2.16574 0.00840187 
99075 10.626 1.54432 -5.24148e-17 -2.1747 0.00853184 
99076 10.2458 1.56418 -6.43606e-17 -2.18348 0.00866613 
99077 9.85315 1.58456 -7.95398e-17 -2.19205 0.00880497 
99078 9.44724 1.60553 -9.89739e-17 -2.20036 0.00894864 
99079 9.02718 1.62712 -1.24056e-16 -2.20839 0.00909757 
99080 8.59199 1.6494 -1.56705e-16 -2.21608 0.00925227 
99081 8.14061 1.67241 -1.99591e-16 -2.2234 0.00941341 
99082 7.67186 1.69623 -2.56471e-16 -2.23027 0.00958182 
99083 7.18446 1.72094 -3.32693e-16 -2.23665 0.0097585 
99084 6.67698 1.7466 -4.35969e-16 -2.24244 0.00994469 
99085 6.14783 1.77331 -5.7756e-16 -2.24756 0.0101419 
99086 5.59527 1.80117 -7.74154e-16 -2.2519 0.0103519 
99087 5.01736 1.83029 -1.05085e-15 -2.25536 0.010577 
99088 4.41191 1.86078 -1.44602e-15 -2.25779 0.0108198 
99089 3.77652 1.89279 -2.01935e-15 -2.25903 0.0110837 
99090 3.10845 1.92646 -2.86542e-15 -2.2589 0.0113726 
99091 2.40466 1.96197 -4.13713e-15 -2.25718 0.0116916 
99092 1.6617 1.99952 -6.08707e-15 -2.25359 0.0120466 
99093 0.875656 2.03933 -9.14238e-15 -2.24783 0.0124452 
99094 0.0420588 2.08164 -1.40439e-14 -2.23949 0.0128967 
99095 -0.844246 2.12675 -2.21125e-14 -2.22804 0.0134126 
99096 -1.78925 2.17499 -3.5776e-14 -2.21284 0.014007 
99097 -2.80001 2.22674 -5.9647e-14 -2.19301 0.0146974 
99098 -3.88489 2.28245 -1.02818e-13 -2.16746 0.0155055 
99099 -5.05389 2.34264 -1.83957e-13 -2.13479 0.016457 
99100 -6.31907 2.40791 -3.43161e-13 -2.09326 0.0175822 
99101 -7.69498 2.47901 -6.70993e-13 -2.04076 0.0189136 
99102 -9.19911 2.55682 -1.38373e-12 -1.97482 0.0204812 
99103 -10.8525 2.64238 -3.03081e-12 -1.89267 0.0223003 
99104 -12.6799 2.73698 -7.10613e-12 -1.79146 0.0243485 
99105 -14.7102 2.84213 -1.79834e-11 -1.66865 0.0265291 
99106 -16.9761 2.95966 -4.95168e-11 -1.52268 0.0286279 
99107 -19.513 3.09171 -1.49303e-10 -1.35386 0.0302977 
99108 -22.3578 3.24064 -4.9434e-10 -1.16533 0.0311253 
99109 -25.5467 3.40891 -1.79036e-09 -0.963581 0.0308019 
99110 -29.114 3.59859 -6.99118e-09 -0.758362 0.0292915 
99111 -33.092 3.81047 -2.85644e-08 -0.561611 0.0268319 
99112 -37.5116 4.04221 -1.15761e-07 -0.385769 0.0237726 
99113 -42.4037 4.28507 -4.01462e-07 -0.241749 0.0204188 
99114 -47.7951 4.51787 -9.45005e-07 -0.136558 0.0169805 
99115 -53.6844 4.69717 -1.47201e-06 -0.0697937 0.0136013 
99116 -59.97 4.74588 -1.17891e-06 -0.0321457 0.0104193 
99117 -66.3266 4.55663 -4.69762e-07 -0.0136213 0.00761115 
99118 -72.1761 4.04451 -1.67061e-07 -0.00589183 0.00532021 
99119 -76.9403 3.25131 -8.67931e-08 -0.00293346 0.00352894 
99120 -80.3719 2.37562 -6.59826e-08 -0.00178491 0.00218615 
99121 -82.6056 1.62886 -6.41737e-08 -0.00131059 0.00128095 
99122 -83.9543 1.101 -7.36693e-08 -0.00110651 0.000738894 
99123 -84.7228 0.772832 -9.33428e-08 -0.00102278 0.000440054 
99124 -85.1418 0.584453 -1.2324e-07 -0.000997576 0.000280171 
99125 -85.3634 0.480288 -1.63061e-07 -0.00100208 0.000192243 
99126 -85.4784 0.422682 -2.11815e-07 -0.0010217 0.000140154 
99127 -85.5373 0.389695 -2.68027e-07 -0.00104877 0.00010628 
99128 -85.5669 0.369486 -3.30069e-07 -0.00107926 8.23637e-05 
99129 -85.5812 0.35589 -3.96414e-07 -0.00111103 6.44935e-05 
99130 -85.5875 0.345747 -4.65757e-07 -0.00114299 5.07005e-05 
99131 -85.5896 0.337438 -5.37042e-07 -0.00117456 3.98835e-05 
99132 -85.5896 0.330136 -6.09447e-07 -0.00120545 3.13457e-05 
99133 -85.5884 0.32341 -6.82342e-07 -0.00123555 2.4597e-05 
99134 -85.5865 0.317038 -7.55253e-07 -0.00126479 1.92672e-05 
99135 -85.5844 0.310902 -8.27824e-07 -0.00129317 1.5066e-05 
99136 -85.5821 0.30494 -8.99793e-07 -0.00132071 1.17618e-05 
99137 -85.5797 0.299118 -9.70967e-07 -0.00134742 9.16873e-06 
99138 -85.5772 0.293415 -1.04121e-06 -0.00137334 7.13809e-06 
99139 -85.5748 0.287823 -1.11042e-06 -0.00139849 5.55086e-06 
99140 -85.5724 0.282332 -1.17855e-06 -0.00142292 4.31233e-06 
99141 -85.5699 0.27694 -1.24554e-06 -0.00144666 3.34733e-06 
99142 -85.5676 0.271644 -1.31139e-06 -0.00146973 2.59644e-06 
99143 -85.5652 0.26644 -1.37608e-06 -0.00149217 2.01285e-06 
99144 -85.5629 0.261327 -1.43962e-06 -0.001514 1.55973e-06 
99145 -85.5606 0.256303 -1.50203e-06 -0.00153525 1.20824e-06 
99146 -85.5583 0.251366 -1.56333e-06 -0.00155595 9.35799e-07 
99147 -85.5561 0.246516 -1.62354e-06 -0.00157613 7.24781e-07 
99148 -85.5539 0.241749 -1.68269e-06 -0.0015958 5.61439e-07 
99149 -85.5517 0.237066 -1.7408e-06 -0.001615 4.35071e-07 
99150 -85.5496 0.232465 -1.79791e-06 -0.00163373 3.37358e-07 
99151 -85.5475 0.227944 -1.85405e-06 -0.00165203 2.61834e-07 
99152 -85.5454 0.223502 -1.90924e-06 -0.00166991 2.03485e-07 
99153 -85.5434 0.219137 -1.96352e-06 -0.00168739 1.5842e-07 
99154 -85.5414 0.214849 -2.01691e-06 -0.00170449 1.23628e-07 
99155 -85.5395 0.210636 -2.06944e-06 -0.00172122 9.67748e-08 
99156 -85.5376 0.206498 -2.12114e-06 -0.00173761 7.60546e-08 
99157 -85.5357 0.202432 -2.17202e-06 -0.00175365 6.00712e-08 
99158 -85.5339 0.198437 -2.22211e-06 -0.00176938 4.77449e-08 
99159 -85.5321 0.194513 -2.27144e-06 -0.0017848 3.82413e-08 
99160 -85.5304 0.190659 -2.32002e-06 -0.00179993 3.0916e-08 
99161 -85.5287 0.186872 -2.36786e-06 -0.00181477 2.52712e-08 
99162 -85.527 0.183153 -2.415e-06 -0.00182935 2.09226e-08 
99163 -85.5254 0.179499 -2.46144e-06 -0.00184366 1.75736e-08 
99164 -85.5238 0.175911 -2.50719e-06 -0.00185773 1.49953e-08 
99165 -85.5223 0.172387 -2.55228e-06 -0.00187156 1.30111e-08 
99166 -85.5208 0.168925 -2.59672e-06 -0.00188515 1.14848e-08 
99167 -85.5194 0.165526 -2.64051e-06 -0.00189853 1.03114e-08 
99168 -85.518 0.162187 -2.68367e-06 -0.00191169 9.40982e-09 
99169 -85.5167 0.158908 -2.7262e-06 -0.00192465 8.71765e-09 
99170 -85.5154 0.155689 -2.76813e-06 -0.00193741 8.18673e-09 
99171 -85.5141 0.152527 -2.80945e-06 -0.00194998 7.77996e-09 
99172 -85.5129 0.149423 -2.85017e-06 -0.00196237 7.46875e-09 
99173 -85.5117 0.146375 -2.89031e-06 -0.00197458 7.23104e-09 
99174 -85.5106 0.143383 -2.92987e-06 -0.00198662 7.04987e-09 
99175 -85.5096 0.140444 -2.96885e-06 -0.00199849 6.91214e-09 
99176 -85.5085 0.13756 -3.00726e-06 -0.00201021 6.80777e-09 
99177 -85.5076 0.134729 -3.04511e-06 -0.00202177 6.72901e-09 
99178 -85.5067 0.131949 -3.08241e-06 -0.00203318 6.66987e-09 
99179 -85.5058 0.129221 -3.11916e-06 -0.00204445 6.62575e-09 
99180 -85.5049 0.126543 -3.15536e-06 -0.00205557 6.5931e-09 
99181 -85.5042 0.123914 -3.19102e-06 -0.00206656 6.56918e-09 
99182 -85.5034 0.121334 -3.22614e-06 -0.00207742 6.5519e-09 
99183 -85.5028 0.118803 -3.26074e-06 -0.00208815 6.53963e-09 
99184 -85.5021 0.116318 -3.2948e-06 -0.00209875 6.53114e-09 
99185 -85.5015 0.11388 -3.32835e-06 -0.00210924 6.52546e-09 
99186 -85.501 0.111488 -3.36137e-06 -0.0021196 6.52185e-09 
99187 -85.5005 0.109141 -3.39388e-06 -0.00212985 6.51975e-09 
99188 -85.5001 0.106838 -3.42589e-06 -0.00213999 6.51872e-09 
99189 -85.4997 0.104579 -3.45738e-06 -0.00215002 6.51843e-09 
99190 -85.4993 0.102363 -3.48837e-06 -0.00215994 6.51861e-09 
99191 -85.499 0.100189 -3.51887e-06 -0.00216975 6.51908e-09 
99192 -85.4988 0.0980563 -3.54887e-06 -0.00217947 6.51968e-09 
99193 -85.4986 0.0959647 -3.57838e-06 -0.00218908 6.52029e-09 
99194 -85.4984 0.0939134 -3.60741e-06 -0.0021986 6.52083e-09 
99195 -85.4983 0.0919015 -3.63595e-06 -0.00220802 6.52122e-09 
99196 -85.4982 0.0899286 -3.66402e-06 -0.00221735 6.52142e-09 
99197 -85.4982 0.087994 -3.69161e-06 -0.00222659 6.5214e-09 
99198 -85.4982 0.0860971 -3.71873e-06 -0.00223573 6.52111e-09 
99199 -85.4983 0.0842372 -3.74538e-06 -0.00224479 6.52053e-09 
99200 -85.4984 0.0824137 -3.77157e-06 -0.00225376 6.51967e-09 
99201 -85.4986 0.0806261 -3.7973e-06 -0.00226265 6.51849e-09 
99202 -85.4988 0.0788737 -3.82258e-06 -0.00227145 6.517e-09 
99203 -85.499 0.077156 -3.8474e-06 -0.00228018 6.51518e-09 
99204 -85.4993 0.0754723 -3.87179e-06 -0.00228882 6.51304e-09 
99205 -85.4996 0.0738222 -3.89572e-06 -0.00229738 6.51058e-09 
99206 -85.5 0.072205 -3.91923e-06 -0.00230586 6.50779e-09 
99207 -85.5004 0.0706201 -3.94229e-06 -0.00231427 6.50468e-09 
99208 -85.5009 0.0690671 -3.96493e-06 -0.0023226 6.50124e-09 
99209 -85.5014 0.0675454 -3.98714e-06 -0.00233085 6.49749e-09 
99210 -85.5019 0.0660545 -4.00894e-06 -0.00233904 6.49341e-09 
99211 -85.5025 0.0645937 -4.03031e-06 -0.00234715 6.48903e-09 
99212 -85.5031 0.0631627 -4.05128e-06 -0.00235518 6.48433e-09 
99213 -85.5038 0.0617609 -4.07184e-06 -0.00236315 6.47933e-09 
99214 -85.5045 0.0603877 -4.09199e-06 -0.00237105 6.47403e-09 
99215 -85.5052 0.0590427 -4.11175e-06 -0.00237888 6.46843e-09 
99216 -85.506 0.0577254 -4.13111e-06 -0.00238664 6.46253e-09 
99217 -85.5068 0.0564353 -4.15008e-06 -0.00239434 6.45635e-09 
99218 -85.5077 0.0551719 -4.16867e-06 -0.00240197 6.44989e-09 
99219 -85.5085 0.0539347 -4.18688e-06 -0.00240953 6.44315e-09 
99220 -85.5094 0.0527233 -4.20472e-06 -0.00241703 6.43613e-09 
99221 -85.5104 0.0515372 -4.22218e-06 -0.00242446 6.42885e-09 
99222 -85.5114 0.050376 -4.23928e-06 -0.00243184 6.42131e-09 
99223 -85.5124 0.0492391 -4.25601e-06 -0.00243915 6.4135e-09 
99224 -85.5134 0.0481262 -4.27239e-06 -0.00244639 6.40545e-09 
99225 -85.5145 0.0470368 -4.28842e-06 -0.00245358 6.39715e-09 
99226 -85.5156 0.0459705 -4.3041e-06 -0.00246071 6.3886e-09 
99227 -85.5168 0.0449268 -4.31944e-06 -0.00246778 6.37982e-09 
99228 -85.5179 0.0439054 -4.33444e-06 -0.00247479 6.37081e-09 
99229 -85.5191 0.0429057 -4.34911e-06 -0.00248174 6.36158e-09 
99230 -85.5204 0.0419275 -4.36345e-06 -0.00248863 6.35213e-09 
99231 -85.5216 0.0409703 -4.37747e-06 -0.00249547 6.34246e-09 
99232 -85.5229 0.0400337 -4.39117e-06 -0.00250225 6.33258e-09 
99233 -85.5242 0.0391173 -4.40455e-06 -0.00250897 6.3225e-09 
99234 -85.5255 0.0382207 -4.41763e-06 -0.00251564 6.31222e-09 
99235 -85.5269 0.0373436 -4.4304e-06 -0.00252226 6.30175e-09 
99236 -85.5283 0.0364855 -4.44287e-06 -0.00252882 6.2911e-09 
99237 -85.5297 0.0356462 -4.45505e-06 -0.00253533 6.28026e-09 
99238 -85.5311 0.0348252 -4.46693e-06 -0.00254178 6.26925e-09 
99239 -85.5325 0.0340221 -4.47854e-06 -0.00254818 6.25806e-09 
99240 -85.534 0.0332367 -4.48986e-06 -0.00255453 6.24672e-09 
99241 -85.5355 0.0324686 -4.5009e-06 -0.00256083 6.23521e-09 
99242 -85.537 0.0317174 -4.51167e-06 -0.00256708 6.22355e-09 
99243 -85.5385 0.0309829 -4.52217e-06 -0.00257328 6.21173e-09 
99244 -85.5401 0.0302646 -4.53242e-06 -0.00257943 6.19978e-09 
99245 -85.5416 0.0295622 -4.5424e-06 -0.00258553 6.18769e-09 
99246 -85.5432 0.0288755 -4.55213e-06 -0.00259158 6.17546e-09 
99247 -85.5448 0.0282041 -4.56161e-06 -0.00259758 6.1631e-09 
99248 -85.5465 0.0275476 -4.57085e-06 -0.00260354 6.15062e-09 
99249 -85.5481 0.0269059 -4.57984e-06 -0.00260945 6.13803e-09 
99250 -85.5497 0.0262786 -4.5886e-06 -0.00261531 6.12532e-09 
99251 -85.5514 0.0256654 -4.59712e-06 -0.00262112 6.1125e-09 
99252 -85.5531 0.025066 -4.60542e-06 -0.00262689 6.09958e-09 
99253 -85.5548 0.0244801 -4.6135e-06 -0.00263262 6.08656e-09 
99254 -85.5565 0.0239074 -4.62135e-06 -0.0026383 6.07344e-09 
99255 -85.5582 0.0233477 -4.629e-06 -0.00264393 6.06024e-09 
99256 -85.5599 0.0228007 -4.63642e-06 -0.00264952 6.04695e-09 
99257 -85.5616 0.0222662 -4.64365e-06 -0.00265507 6.03358e-09 
99258 -85.5634 0.0217438 -4.65067e-06 -0.00266057 6.02013e-09 
99259 -85.5652 0.0212333 -4.65749e-06 -0.00266604 6.00661e-09 
99260 -85.5669 0.0207345 -4.66411e-06 -0.00267146 5.99303e-09 
99261 -85.5687 0.0202471 -4.67054e-06 -0.00267683 5.97938e-09 
99262 -85.5705 0.0197709 -4.67679e-06 -0.00268217 5.96567e-09 
99263 -85.5723 0.0193056 -4.68285e-06 -0.00268747 5.95191e-09 
99264 -85.5741 0.018851 -4.68873e-06 -0.00269272 5.9381e-09 
99265 -85.5759 0.0184069 -4.69444e-06 -0.00269794 5.92424e-09 
99266 -85.5777 0.017973 -4.69997e-06 -0.00270311 5.91033e-09 
99267 -85.5795 0.0175491 -4.70533e-06 -0.00270825 5.89639e-09 
99268 -85.5813 0.0171351 -4.71053e-06 -0.00271334 5.88241e-09 
99269 -85.5832 0.0167306 -4.71557e-06 -0.0027184 5.8684e-09 
99270 -85.585 0.0163355 -4.72044e-06 -0.00272342 5.85436e-09 
99271 -85.5868 0.0159495 -4.72516e-06 -0.00272841 5.8403e-09 
99272 -85.5887 0.0155725 -4.72973e-06 -0.00273335 5.82621e-09 
99273 -85.5905 0.0152044 -4.73415e-06 -0.00273826 5.8121e-09 
99274 -85.5924 0.0148447 -4.73842e-06 -0.00274313 5.79798e-09 
99275 -85.5942 0.0144935 -4.74255e-06 -0.00274797 5.78385e-09 
99276 -85.5961 0.0141505 -4.74654e-06 -0.00275277 5.76971e-09 
99277 -85.5979 0.0138155 -4.75039e-06 -0.00275753 5.75556e-09 
99278 -85.5998 0.0134883 -4.75411e-06 -0.00276226 5.74141e-09 
99279 -85.6016 0.0131688 -4.7577e-06 -0.00276696 5.72725e-09 
99280 -85.6035 0.0128568 -4.76117e-06 -0.00277162 5.71311e-09 
99281 -85.6054 0.0125522 -4.7645e-06 -0.00277624 5.69896e-09 
99282 -85.6072 0.0122547 -4.76772e-06 -0.00278083 5.68482e-09 
99283 -85.6091 0.0119642 -4.77081e-06 -0.00278539 5.6707e-09 
99284 -85.6109 0.0116805 -4.77379e-06 -0.00278992 5.65658e-09 
99285 -85.6128 0.0114035 -4.77666e-06 -0.00279441 5.64249e-09 
99286 -85.6146 0.0111331 -4.77941e-06 -0.00279887 5.6284e-09 
99287 -85.6165 0.010869 -4.78206e-06 -0.0028033 5.61434e-09 
99288 -85.6183 0.0106112 -4.78459e-06 -0.0028077 5.6003e-09 
99289 -85.6202 0.0103594 -4.78703e-06 -0.00281206 5.58629e-09 
99290 -85.622 0.0101137 -4.78936e-06 -0.00281639 5.5723e-09 
99291 -85.6239 0.00987374 -4.7916e-06 -0.0028207 5.55834e-09 
99292 -85.6257 0.00963948 -4.79374e-06 -0.00282497 5.54441e-09 
99293 -85.6275 0.00941078 -4.79578e-06 -0.00282921 5.53051e-09 
99294 -85.6294 0.00918751 -4.79773e-06 -0.00283342 5.51665e-09 
99295 -85.6312 0.00896954 -4.79959e-06 -0.00283761 5.50282e-09 
99296 -85.633 0.00875675 -4.80137e-06 -0.00284176 5.48902e-09 
99297 -85.6348 0.00854903 -4.80305e-06 -0.00284588 5.47527e-09 
99298 -85.6367 0.00834624 -4.80466e-06 -0.00284998 5.46156e-09 
99299 -85.6385 0.00814829 -4.80618e-06 -0.00285405 5.44789e-09 
99300 -85.6403 0.00795505 -4.80762e-06 -0.00285808 5.43426e-09 
99301 -85.6421 0.00776642 -4.80899e-06 -0.00286209 5.42068e-09 
99302 -85.6439 0.00758229 -4.81028e-06 -0.00286608 5.40714e-09 
99303 -85.6457 0.00740255 -4.81149e-06 -0.00287003 5.39366e-09 
99304 -85.6475 0.0072271 -4.81264e-06 -0.00287396 5.38022e-09 
99305 -85.6492 0.00705584 -4.81371e-06 -0.00287786 5.36683e-09 
99306 -85.651 0.00688867 -4.81472e-06 -0.00288173 5.35349e-09 
99307 -85.6528 0.0067255 -4.81565e-06 -0.00288558 5.34021e-09 
99308 -85.6545 0.00656624 -4.81653e-06 -0.0028894 5.32697e-09 
99309 -85.6563 0.00641078 -4.81734e-06 -0.0028932 5.3138e-09 
99310 -85.658 0.00625904 -4.81808e-06 -0.00289697 5.30067e-09 
99311 -85.6598 0.00611094 -4.81877e-06 -0.00290071 5.28761e-09 
99312 -85.6615 0.00596638 -4.8194e-06 -0.00290443 5.2746e-09 
99313 -85.6632 0.00582528 -4.81997e-06 -0.00290813 5.26165e-09 
99314 -85.665 0.00568757 -4.82049e-06 -0.0029118 5.24876e-09 
99315 -85.6667 0.00555316 -4.82095e-06 -0.00291544 5.23593e-09 
99316 -85.6684 0.00542197 -4.82136e-06 -0.00291906 5.22316e-09 
99317 -85.6701 0.00529392 -4.82172e-06 -0.00292266 5.21044e-09 
99318 -85.6718 0.00516895 -4.82202e-06 -0.00292623 5.1978e-09 
99319 -85.6735 0.00504698 -4.82228e-06 -0.00292978 5.18521e-09 
99320 -85.6751 0.00492793 -4.82249e-06 -0.0029333 5.17269e-09 
99321 -85.6768 0.00481174 -4.82266e-06 -0.00293681 5.16023e-09 
99322 -85.6785 0.00469834 -4.82277e-06 -0.00294028 5.14783e-09 
99323 -85.6801 0.00458766 -4.82285e-06 -0.00294374 5.1355e-09 
99324 -85.6818 0.00447964 -4.82288e-06 -0.00294717 5.12323e-09 
99325 -85.6834 0.00437422 -4.82287e-06 -0.00295059 5.11103e-09 
99326 -85.685 0.00427133 -4.82282e-06 -0.00295397 5.0989e-09 
99327 -85.6867 0.00417091 -4.82274e-06 -0.00295734 5.08683e-09 
99328 -85.6883 0.0040729 -4.82261e-06 -0.00296069 5.07482e-09 
99329 -85.6899 0.00397725 -4.82245e-06 -0.00296401 5.06289e-09 
99330 -85.6915 0.00388389 -4.82225e-06 -0.00296731 5.05102e-09 
99331 -85.6931 0.00379278 -4.82201e-06 -0.00297059 5.03921e-09 
99332 -85.6947 0.00370386 -4.82174e-06 -0.00297385 5.02748e-09 
99333 -85.6962 0.00361708 -4.82144e-06 -0.00297709 5.01581e-09 
99334 -85.6978 0.00353238 -4.82111e-06 -0.00298031 5.00421e-09 
99335 -85.6994 0.00344972 -4.82074e-06 -0.00298351 4.99268e-09 
99336 -85.7009 0.00336904 -4.82034e-06 -0.00298668 4.98122e-09 
99337 -85.7024 0.00329031 -4.81992e-06 -0.00298984 4.96983e-09 
99338 -85.704 0.00321346 -4.81946e-06 -0.00299298 4.9585e-09 
99339 -85.7055 0.00313847 -4.81898e-06 -0.00299609 4.94724e-09 
99340 -85.707 0.00306527 -4.81847e-06 -0.00299919 4.93605e-09 
99341 -85.7085 0.00299384 -4.81794e-06 -0.00300227 4.92493e-09 
99342 -85.71 0.00292412 -4.81738e-06 -0.00300533 4.91388e-09 
99343 -85.7115 0.00285608 -4.81679e-06 -0.00300837 4.9029e-09 
99344 -85.713 0.00278967 -4.81618e-06 -0.00301139 4.89198e-09 
99345 -85.7145 0.00272486 -4.81555e-06 -0.00301439 4.88113e-09 
99346 -85.7159 0.0026616 -4.81489e-06 -0.00301737 4.87036e-09 
99347 -85.7174 0.00259987 -4.81421e-06 -0.00302033 4.85965e-09 
99348 -85.7188 0.00253962 -4.81352e-06 -0.00302328 4.84901e-09 
99349 -85.7202 0.00248081 -4.8128e-06 -0.00302621 4.83843e-09 
99350 -85.7217 0.00242342 -4.81206e-06 -0.00302911 4.82793e-09 
99351 -85.7231 0.00236741 -4.8113e-06 -0.00303201 4.81749e-09 
99352 -85.7245 0.00231274 -4.81052e-06 -0.00303488 4.80712e-09 
99353 -85.7259 0.00225938 -4.80973e-06 -0.00303773 4.79682e-09 
99354 -85.7273 0.00220731 -4.80891e-06 -0.00304057 4.78659e-09 
99355 -85.7287 0.00215648 -4.80809e-06 -0.00304339 4.77642e-09 
99356 -85.7301 0.00210688 -4.80724e-06 -0.0030462 4.76632e-09 
99357 -85.7314 0.00205846 -4.80638e-06 -0.00304898 4.75629e-09 
99358 -85.7328 0.00201121 -4.8055e-06 -0.00305175 4.74633e-09 
99359 -85.7341 0.00196509 -4.80461e-06 -0.0030545 4.73643e-09 
99360 -85.7355 0.00192008 -4.8037e-06 -0.00305724 4.7266e-09 
99361 -85.7368 0.00187614 -4.80278e-06 -0.00305996 4.71683e-09 
99362 -85.7381 0.00183326 -4.80185e-06 -0.00306266 4.70713e-09 
99363 -85.7395 0.00179141 -4.80091e-06 -0.00306534 4.6975e-09 
99364 -85.7408 0.00175056 -4.79995e-06 -0.00306801 4.68793e-09 
99365 -85.7421 0.00171068 -4.79898e-06 -0.00307067 4.67843e-09 
99366 -85.7434 0.00167177 -4.798e-06 -0.00307331 4.66899e-09 
99367 -85.7447 0.00163378 -4.797e-06 -0.00307593 4.65962e-09 
99368 -85.7459 0.00159671 -4.796e-06 -0.00307853 4.65031e-09 
99369 -85.7472 0.00156052 -4.79499e-06 -0.00308112 4.64107e-09 
99370 -85.7485 0.0015252 -4.79396e-06 -0.0030837 4.63189e-09 
99371 -85.7497 0.00149072 -4.79293e-06 -0.00308626 4.62278e-09 
99372 -85.7509 0.00145707 -4.79189e-06 -0.0030888 4.61372e-09 
99373 -85.7522 0.00142423 -4.79084e-06 -0.00309133 4.60473e-09 
99374 -85.7534 0.00139216 -4.78978e-06 -0.00309384 4.59581e-09 
99375 -85.7546 0.00136087 -4.78871e-06 -0.00309634 4.58694e-09 
99376 -85.7558 0.00133032 -4.78764e-06 -0.00309883 4.57814e-09 
99377 -85.757 0.00130051 -4.78656e-06 -0.0031013 4.5694e-09 
99378 -85.7582 0.0012714 -4.78547e-06 -0.00310375 4.56072e-09 
99379 -85.7594 0.00124299 -4.78437e-06 -0.00310619 4.55211e-09 
99380 -85.7606 0.00121526 -4.78327e-06 -0.00310862 4.54355e-09 
99381 -85.7618 0.00118819 -4.78216e-06 -0.00311103 4.53505e-09 
99382 -85.7629 0.00116177 -4.78105e-06 -0.00311343 4.52662e-09 
99383 -85.7641 0.00113598 -4.77993e-06 -0.00311581 4.51824e-09 
99384 -85.7652 0.0011108 -4.7788e-06 -0.00311818 4.50993e-09 
99385 -85.7664 0.00108622 -4.77767e-06 -0.00312054 4.50167e-09 
99386 -85.7675 0.00106223 -4.77654e-06 -0.00312288 4.49347e-09 
99387 -85.7686 0.00103881 -4.7754e-06 -0.00312521 4.48533e-09 
99388 -85.7697 0.00101594 -4.77425e-06 -0.00312752 4.47725e-09 
99389 -85.7709 0.000993627 -4.77311e-06 -0.00312982 4.46923e-09 
99390 -85.772 0.00097184 -4.77195e-06 -0.00313211 4.46126e-09 
99391 -85.7731 0.000950572 -4.7708e-06 -0.00313438 4.45335e-09 
99392 -85.7741 0.00092981 -4.76964e-06 -0.00313664 4.4455e-09 
99393 -85.7752 0.000909541 -4.76848e-06 -0.00313889 4.43771e-09 
99394 -85.7763 0.000889755 -4.76732e-06 -0.00314113 4.42997e-09 
99395 -85.7774 0.000870439 -4.76615e-06 -0.00314335 4.42229e-09 
99396 -85.7784 0.000851581 -4.76498e-06 -0.00314556 4.41466e-09 
99397 -85.7795 0.000833172 -4.76381e-06 -0.00314775 4.40708e-09 
99398 -85.7805 0.0008152 -4.76264e-06 -0.00314994 4.39957e-09 
99399 -85.7815 0.000797655 -4.76146e-06 -0.00315211 4.3921e-09 
99400 -85.7826 0.000780525 -4.76028e-06 -0.00315427 4.38469e-09 
99401 -85.7836 0.000763803 -4.75911e-06 -0.00315641 4.37734e-09 
99402 -85.7846 0.000747476 -4.75793e-06 -0.00315855 4.37003e-09 
99403 -85.7856 0.000731537 -4.75675e-06 -0.00316067 4.36278e-09 
99404 -85.7866 0.000715976 -4.75556e-06 -0.00316278 4.35559e-09 
99405 -85.7876 0.000700783 -4.75438e-06 -0.00316488 4.34844e-09 
99406 -85.7886 0.00068595 -4.7532e-06 -0.00316696 4.34135e-09 
99407 -85.7896 0.000671468 -4.75201e-06 -0.00316904 4.33431e-09 
99408 -85.7905 0.000657329 -4.75083e-06 -0.0031711 4.32732e-09 
99409 -85.7915 0.000643525 -4.74964e-06 -0.00317315 4.32038e-09 
99410 -85.7925 0.000630047 -4.74846e-06 -0.00317519 4.31349e-09 
99411 -85.7934 0.000616887 -4.74728e-06 -0.00317721 4.30665e-09 
99412 -85.7944 0.000604039 -4.74609e-06 -0.00317923 4.29986e-09 
99413 -85.7953 0.000591494 -4.74491e-06 -0.00318123 4.29312e-09 
99414 -85.7962 0.000579245 -4.74372e-06 -0.00318323 4.28643e-09 
99415 -85.7972 0.000567286 -4.74254e-06 -0.00318521 4.27979e-09 
99416 -85.7981 0.000555609 -4.74136e-06 -0.00318718 4.2732e-09 
99417 -85.799 0.000544207 -4.74018e-06 -0.00318914 4.26665e-09 
99418 -85.7999 0.000533074 -4.73899e-06 -0.00319109 4.26015e-09 
99419 -85.8008 0.000522203 -4.73781e-06 -0.00319302 4.2537e-09 
99420 -85.8017 0.000511589 -4.73664e-06 -0.00319495 4.2473e-09 
99421 -85.8026 0.000501225 -4.73546e-06 -0.00319686 4.24094e-09 
99422 -85.8035 0.000491104 -4.73428e-06 -0.00319877 4.23463e-09 
99423 -85.8044 0.000481222 -4.73311e-06 -0.00320066 4.22837e-09 
99424 -85.8052 0.000471572 -4.73193e-06 -0.00320255 4.22215e-09 
99425 -85.8061 0.00046215 -4.73076e-06 -0.00320442 4.21598e-09 
99426 -85.807 0.000452949 -4.72959e-06 -0.00320628 4.20985e-09 
99427 -85.8078 0.000443964 -4.72842e-06 -0.00320813 4.20377e-09 
99428 -85.8086 0.00043519 -4.72726e-06 -0.00320997 4.19773e-09 
99429 -85.8095 0.000426622 -4.72609e-06 -0.0032118 4.19173e-09 
99430 -85.8103 0.000418255 -4.72493e-06 -0.00321363 4.18578e-09 
99431 -85.8112 0.000410085 -4.72377e-06 -0.00321544 4.17987e-09 
99432 -85.812 0.000402106 -4.72261e-06 -0.00321724 4.17401e-09 
99433 -85.8128 0.000394315 -4.72146e-06 -0.00321903 4.16818e-09 
99434 -85.8136 0.000386705 -4.7203e-06 -0.00322081 4.16241e-09 
99435 -85.8144 0.000379275 -4.71915e-06 -0.00322258 4.15667e-09 
99436 -85.8152 0.000372018 -4.718e-06 -0.00322434 4.15097e-09 
99437 -85.816 0.000364931 -4.71686e-06 -0.00322609 4.14532e-09 
99438 -85.8168 0.00035801 -4.71571e-06 -0.00322783 4.1397e-09 
99439 -85.8176 0.00035125 -4.71457e-06 -0.00322957 4.13413e-09 
99440 -85.8184 0.000344649 -4.71344e-06 -0.00323129 4.1286e-09 
99441 -85.8191 0.000338202 -4.7123e-06 -0.003233 4.12311e-09 
99442 -85.8199 0.000331905 -4.71117e-06 -0.0032347 4.11766e-09 
99443 -85.8207 0.000325756 -4.71004e-06 -0.0032364 4.11224e-09 
99444 -85.8214 0.00031975 -4.70891e-06 -0.00323808 4.10687e-09 
99445 -85.8222 0.000313884 -4.70779e-06 -0.00323976 4.10154e-09 
99446 -85.8229 0.000308155 -4.70667e-06 -0.00324142 4.09624e-09 
99447 -85.8237 0.00030256 -4.70555e-06 -0.00324308 4.09099e-09 
99448 -85.8244 0.000297094 -4.70443e-06 -0.00324473 4.08577e-09 
99449 -85.8251 0.000291756 -4.70332e-06 -0.00324637 4.08059e-09 
99450 -85.8258 0.000286543 -4.70221e-06 -0.003248 4.07544e-09 
99451 -85.8266 0.00028145 -4.70111e-06 -0.00324962 4.07034e-09 
99452 -85.8273 0.000276477 -4.70001e-06 -0.00325123 4.06527e-09 
99453 -85.828 0.000271618 -4.69891e-06 -0.00325283 4.06024e-09 
99454 -85.8287 0.000266873 -4.69781e-06 -0.00325443 4.05524e-09 
99455 -85.8294 0.000262238 -4.69672e-06 -0.00325601 4.05028e-09 
99456 -85.8301 0.00025771 -4.69563e-06 -0.00325759 4.04536e-09 
99457 -85.8308 0.000253288 -4.69455e-06 -0.00325916 4.04047e-09 
99458 -85.8315 0.000248968 -4.69347e-06 -0.00326072 4.03562e-09 
99459 -85.8322 0.000244748 -4.69239e-06 -0.00326227 4.0308e-09 
99460 -85.8328 0.000240626 -4.69132e-06 -0.00326381 4.02602e-09 
99461 -85.8335 0.000236599 -4.69024e-06 -0.00326535 4.02127e-09 
99462 -85.8342 0.000232666 -4.68918e-06 -0.00326687 4.01655e-09 
99463 -85.8348 0.000228823 -4.68811e-06 -0.00326839 4.01187e-09 
99464 -85.8355 0.00022507 -4.68705e-06 -0.0032699 4.00723e-09 
99465 -85.8361 0.000221403 -4.686e-06 -0.0032714 4.00261e-09 
99466 -85.8368 0.000217821 -4.68495e-06 -0.0032729 3.99803e-09 
99467 -85.8374 0.000214322 -4.6839e-06 -0.00327438 3.99348e-09 
99468 -85.8381 0.000210903 -4.68285e-06 -0.00327586 3.98897e-09 
99469 -85.8387 0.000207564 -4.68181e-06 -0.00327733 3.98449e-09 
99470 -85.8393 0.000204301 -4.68077e-06 -0.00327879 3.98004e-09 
99471 -85.84 0.000201113 -4.67974e-06 -0.00328024 3.97562e-09 
99472 -85.8406 0.000197999 -4.67871e-06 -0.00328169 3.97123e-09 
99473 -85.8412 0.000194957 -4.67768e-06 -0.00328313 3.96688e-09 
99474 -85.8418 0.000191985 -4.67666e-06 -0.00328456 3.96255e-09 
99475 -85.8424 0.000189081 -4.67564e-06 -0.00328598 3.95826e-09 
99476 -85.843 0.000186243 -4.67463e-06 -0.00328739 3.954e-09 
99477 -85.8436 0.000183471 -4.67362e-06 -0.0032888 3.94977e-09 
99478 -85.8442 0.000180763 -4.67261e-06 -0.0032902 3.94557e-09 
99479 -85.8448 0.000178117 -4.67161e-06 -0.00329159 3.94139e-09 
99480 -85.8454 0.000175531 -4.67061e-06 -0.00329297 3.93725e-09 
99481 -85.846 0.000173005 -4.66961e-06 -0.00329435 3.93314e-09 
99482 -85.8466 0.000170536 -4.66862e-06 -0.00329572 3.92906e-09 
99483 -85.8472 0.000168125 -4.66763e-06 -0.00329708 3.925e-09 
99484 -85.8477 0.000165768 -4.66665e-06 -0.00329844 3.92098e-09 
99485 -85.8483 0.000163465 -4.66567e-06 -0.00329978 3.91698e-09 
99486 -85.8489 0.000161215 -4.6647e-06 -0.00330112 3.91301e-09 
99487 -85.8494 0.000159016 -4.66373e-06 -0.00330246 3.90907e-09 
99488 -85.85 0.000156868 -4.66276e-06 -0.00330378 3.90516e-09 
99489 -85.8505 0.000154768 -4.66179e-06 -0.0033051 3.90127e-09 
99490 -85.8511 0.000152717 -4.66084e-06 -0.00330641 3.89741e-09 
99491 -85.8516 0.000150712 -4.65988e-06 -0.00330772 3.89358e-09 
99492 -85.8522 0.000148753 -4.65893e-06 -0.00330902 3.88978e-09 
99493 -85.8527 0.000146838 -4.65798e-06 -0.00331031 3.88601e-09 
99494 -85.8533 0.000144967 -4.65704e-06 -0.00331159 3.88226e-09 
99495 -85.8538 0.000143139 -4.6561e-06 -0.00331287 3.87853e-09 
99496 -85.8543 0.000141352 -4.65516e-06 -0.00331414 3.87484e-09 
99497 -85.8548 0.000139606 -4.65423e-06 -0.0033154 3.87117e-09 
99498 -85.8554 0.000137899 -4.6533e-06 -0.00331666 3.86752e-09 
99499 -85.8559 0.000136231 -4.65238e-06 -0.00331791 3.8639e-09 
99500 -85.8564 0.000134601 -4.65146e-06 -0.00331915 3.86031e-09 
99501 -85.8569 0.000133008 -4.65054e-06 -0.00332039 3.85674e-09 
99502 -85.8574 0.000131451 -4.64963e-06 -0.00332162 3.85319e-09 
99503 -85.8579 0.000129929 -4.64873e-06 -0.00332284 3.84968e-09 
99504 -85.8584 0.000128441 -4.64782e-06 -0.00332406 3.84618e-09 
99505 -85.8589 0.000126987 -4.64692e-06 -0.00332527 3.84271e-09 
99506 -85.8594 0.000125566 -4.64603e-06 -0.00332648 3.83926e-09 
99507 -85.8599 0.000124177 -4.64513e-06 -0.00332767 3.83584e-09 
99508 -85.8604 0.000122819 -4.64425e-06 -0.00332886 3.83245e-09 
99509 -85.8609 0.000121492 -4.64336e-06 -0.00333005 3.82907e-09 
99510 -85.8613 0.000120195 -4.64248e-06 -0.00333123 3.82572e-09 
99511 -85.8618 0.000118927 -4.64161e-06 -0.0033324 3.82239e-09 
99512 -85.8623 0.000117687 -4.64074e-06 -0.00333357 3.81909e-09 
99513 -85.8628 0.000116476 -4.63987e-06 -0.00333473 3.81581e-09 
99514 -85.8632 0.000115291 -4.639e-06 -0.00333588 3.81255e-09 
99515 -85.8637 0.000114133 -4.63814e-06 -0.00333703 3.80931e-09 
99516 -85.8642 0.000113001 -4.63729e-06 -0.00333817 3.8061e-09 
99517 -85.8646 0.000111894 -4.63644e-06 -0.00333931 3.80291e-09 
99518 -85.8651 0.000110812 -4.63559e-06 -0.00334044 3.79974e-09 
99519 -85.8655 0.000109755 -4.63474e-06 -0.00334156 3.79659e-09 
99520 -85.866 0.000108721 -4.6339e-06 -0.00334268 3.79347e-09 
99521 -85.8664 0.00010771 -4.63307e-06 -0.00334379 3.79036e-09 
99522 -85.8669 0.000106721 -4.63223e-06 -0.0033449 3.78728e-09 
99523 -85.8673 0.000105755 -4.6314e-06 -0.003346 3.78422e-09 
99524 -85.8677 0.00010481 -4.63058e-06 -0.00334709 3.78118e-09 
99525 -85.8682 0.000103886 -4.62976e-06 -0.00334818 3.77816e-09 
99526 -85.8686 0.000102983 -4.62894e-06 -0.00334927 3.77516e-09 
99527 -85.869 0.0001021 -4.62813e-06 -0.00335034 3.77218e-09 
99528 -85.8695 0.000101236 -4.62732e-06 -0.00335142 3.76922e-09 
99529 -85.8699 0.000100392 -4.62651e-06 -0.00335248 3.76629e-09 
99530 -85.8703 9.95658e-05 -4.62571e-06 -0.00335354 3.76337e-09 
99531 -85.8707 9.87583e-05 -4.62491e-06 -0.0033546 3.76047e-09 
99532 -85.8711 9.79686e-05 -4.62412e-06 -0.00335565 3.7576e-09 
99533 -85.8715 9.71964e-05 -4.62333e-06 -0.00335669 3.75474e-09 
99534 -85.8719 9.64413e-05 -4.62254e-06 -0.00335773 3.7519e-09 
99535 -85.8724 9.57028e-05 -4.62176e-06 -0.00335876 3.74908e-09 
99536 -85.8728 9.49806e-05 -4.62098e-06 -0.00335979 3.74628e-09 
99537 -85.8732 9.42743e-05 -4.6202e-06 -0.00336081 3.7435e-09 
99538 -85.8736 9.35835e-05 -4.61943e-06 -0.00336183 3.74074e-09 
99539 -85.8739 9.29078e-05 -4.61866e-06 -0.00336284 3.73799e-09 
99540 -85.8743 9.2247e-05 -4.6179e-06 -0.00336385 3.73527e-09 
99541 -85.8747 9.16007e-05 -4.61714e-06 -0.00336485 3.73256e-09 
99542 -85.8751 9.09686e-05 -4.61638e-06 -0.00336584 3.72988e-09 
99543 -85.8755 9.03503e-05 -4.61563e-06 -0.00336684 3.72721e-09 
99544 -85.8759 8.97455e-05 -4.61488e-06 -0.00336782 3.72455e-09 
99545 -85.8763 8.91538e-05 -4.61413e-06 -0.0033688 3.72192e-09 
99546 -85.8766 8.85751e-05 -4.61339e-06 -0.00336978 3.7193e-09 
99547 -85.877 8.80091e-05 -4.61265e-06 -0.00337075 3.71671e-09 
99548 -85.8774 8.74553e-05 -4.61192e-06 -0.00337171 3.71413e-09 
99549 -85.8778 8.69135e-05 -4.61118e-06 -0.00337267 3.71156e-09 
99550 -85.8781 8.63836e-05 -4.61046e-06 -0.00337363 3.70902e-09 
99551 -85.8785 8.58651e-05 -4.60973e-06 -0.00337458 3.70649e-09 
99552 -85.8789 8.53578e-05 -4.60901e-06 -0.00337552 3.70397e-09 
99553 -85.8792 8.48615e-05 -4.60829e-06 -0.00337646 3.70148e-09 
99554 -85.8796 8.4376e-05 -4.60758e-06 -0.0033774 3.699e-09 
99555 -85.8799 8.39009e-05 -4.60687e-06 -0.00337833 3.69654e-09 
99556 -85.8803 8.34361e-05 -4.60616e-06 -0.00337925 3.69409e-09 
99557 -85.8806 8.29813e-05 -4.60546e-06 -0.00338017 3.69166e-09 
99558 -85.881 8.25362e-05 -4.60476e-06 -0.00338109 3.68925e-09 
99559 -85.8813 8.21007e-05 -4.60406e-06 -0.003382 3.68685e-09 
99560 -85.8817 8.16746e-05 -4.60337e-06 -0.00338291 3.68447e-09 
99561 -85.882 8.12576e-05 -4.60268e-06 -0.00338381 3.68211e-09 
99562 -85.8824 8.08495e-05 -4.602e-06 -0.0033847 3.67976e-09 
99563 -85.8827 8.04501e-05 -4.60131e-06 -0.0033856 3.67742e-09 
99564 -85.883 8.00593e-05 -4.60063e-06 -0.00338648 3.6751e-09 
99565 -85.8834 7.96768e-05 -4.59996e-06 -0.00338737 3.6728e-09 
99566 -85.8837 7.93024e-05 -4.59929e-06 -0.00338824 3.67051e-09 
99567 -85.884 7.89359e-05 -4.59862e-06 -0.00338912 3.66824e-09 
99568 -85.8844 7.85773e-05 -4.59795e-06 -0.00338999 3.66598e-09 
99569 -85.8847 7.82262e-05 -4.59729e-06 -0.00339085 3.66374e-09 
99570 -85.885 7.78826e-05 -4.59663e-06 -0.00339171 3.66151e-09 
99571 -85.8853 7.75462e-05 -4.59597e-06 -0.00339257 3.6593e-09 
99572 -85.8857 7.7217e-05 -4.59532e-06 -0.00339342 3.6571e-09 
99573 -85.886 7.68946e-05 -4.59467e-06 -0.00339427 3.65492e-09 
99574 -85.8863 7.65791e-05 -4.59403e-06 -0.00339511 3.65275e-09 
99575 -85.8866 7.62701e-05 -4.59338e-06 -0.00339595 3.65059e-09 
99576 -85.8869 7.59677e-05 -4.59274e-06 -0.00339678 3.64845e-09 
99577 -85.8872 7.56715e-05 -4.59211e-06 -0.00339761 3.64632e-09 
99578 -85.8875 7.53816e-05 -4.59147e-06 -0.00339844 3.64421e-09 
99579 -85.8878 7.50977e-05 -4.59084e-06 -0.00339926 3.64211e-09 
99580 -85.8881 7.48197e-05 -4.59022e-06 -0.00340007 3.64002e-09 
99581 -85.8884 7.45475e-05 -4.58959e-06 -0.00340089 3.63795e-09 
99582 -85.8887 7.4281e-05 -4.58897e-06 -0.0034017 3.63589e-09 
99583 -85.889 7.402e-05 -4.58836e-06 -0.0034025 3.63384e-09 
99584 -85.8893 7.37643e-05 -4.58774e-06 -0.0034033 3.63181e-09 
99585 -85.8896 7.3514e-05 -4.58713e-06 -0.0034041 3.62979e-09 
99586 -85.8899 7.32688e-05 -4.58652e-06 -0.00340489 3.62778e-09 
99587 -85.8902 7.30286e-05 -4.58592e-06 -0.00340568 3.62579e-09 
99588 -85.8905 7.27934e-05 -4.58532e-06 -0.00340646 3.62381e-09 
99589 -85.8908 7.2563e-05 -4.58472e-06 -0.00340724 3.62184e-09 
99590 -85.8911 7.23374e-05 -4.58412e-06 -0.00340801 3.61989e-09 
99591 -85.8914 7.21163e-05 -4.58353e-06 -0.00340879 3.61795e-09 
99592 -85.8916 7.18997e-05 -4.58294e-06 -0.00340955 3.61602e-09 
99593 -85.8919 7.16876e-05 -4.58235e-06 -0.00341032 3.6141e-09 
99594 -85.8922 7.14797e-05 -4.58177e-06 -0.00341108 3.6122e-09 
99595 -85.8925 7.12761e-05 -4.58119e-06 -0.00341183 3.6103e-09 
99596 -85.8927 7.10766e-05 -4.58061e-06 -0.00341258 3.60842e-09 
99597 -85.893 7.08811e-05 -4.58004e-06 -0.00341333 3.60655e-09 
99598 -85.8933 7.06895e-05 -4.57946e-06 -0.00341408 3.6047e-09 
99599 -85.8936 7.05018e-05 -4.5789e-06 -0.00341482 3.60285e-09 
99600 -85.8938 7.03178e-05 -4.57833e-06 -0.00341555 3.60102e-09 
99601 -85.8941 7.01376e-05 -4.57777e-06 -0.00341628 3.5992e-09 
99602 -85.8944 6.99609e-05 -4.57721e-06 -0.00341701 3.59739e-09 
99603 -85.8946 6.97877e-05 -4.57665e-06 -0.00341774 3.59559e-09 
99604 -85.8949 6.9618e-05 -4.57609e-06 -0.00341846 3.59381e-09 
99605 -85.8951 6.94517e-05 -4.57554e-06 -0.00341918 3.59203e-09 
99606 -85.8954 6.92886e-05 -4.57499e-06 -0.00341989 3.59027e-09 
99607 -85.8957 6.91288e-05 -4.57445e-06 -0.0034206 3.58851e-09 
99608 -85.8959 6.89721e-05 -4.5739e-06 -0.00342131 3.58677e-09 
99609 -85.8962 6.88185e-05 -4.57336e-06 -0.00342201 3.58504e-09 
99610 -85.8964 6.86679e-05 -4.57282e-06 -0.00342271 3.58332e-09 
99611 -85.8967 6.85202e-05 -4.57229e-06 -0.00342341 3.58161e-09 
99612 -85.8969 6.83754e-05 -4.57176e-06 -0.0034241 3.57992e-09 
99613 -85.8972 6.82335e-05 -4.57123e-06 -0.00342479 3.57823e-09 
99614 -85.8974 6.80943e-05 -4.5707e-06 -0.00342547 3.57655e-09 
99615 -85.8976 6.79578e-05 -4.57018e-06 -0.00342615 3.57489e-09 
99616 -85.8979 6.78239e-05 -4.56965e-06 -0.00342683 3.57323e-09 
99617 -85.8981 6.76926e-05 -4.56914e-06 -0.00342751 3.57159e-09 
99618 -85.8984 6.75638e-05 -4.56862e-06 -0.00342818 3.56995e-09 
99619 -85.8986 6.74375e-05 -4.56811e-06 -0.00342885 3.56833e-09 
99620 -85.8988 6.73135e-05 -4.56759e-06 -0.00342951 3.56671e-09 
99621 -85.8991 6.7192e-05 -4.56709e-06 -0.00343017 3.56511e-09 
99622 -85.8993 6.70728e-05 -4.56658e-06 -0.00343083 3.56351e-09 
99623 -85.8995 6.69558e-05 -4.56608e-06 -0.00343148 3.56193e-09 
99624 -85.8998 6.6841e-05 -4.56558e-06 -0.00343213 3.56036e-09 
99625 -85.9 6.67284e-05 -4.56508e-06 -0.00343278 3.55879e-09 
99626 -85.9002 6.66179e-05 -4.56458e-06 -0.00343342 3.55724e-09 
99627 -85.9005 6.65094e-05 -4.56409e-06 -0.00343406 3.55569e-09 
99628 -85.9007 6.6403e-05 -4.5636e-06 -0.0034347 3.55415e-09 
99629 -85.9009 6.62986e-05 -4.56311e-06 -0.00343534 3.55263e-09 
99630 -85.9011 6.61961e-05 -4.56262e-06 -0.00343597 3.55111e-09 
99631 -85.9014 6.60955e-05 -4.56214e-06 -0.00343659 3.5496e-09 
99632 -85.9016 6.59967e-05 -4.56166e-06 -0.00343722 3.54811e-09 
99633 -85.9018 6.58998e-05 -4.56118e-06 -0.00343784 3.54662e-09 
99634 -85.902 6.58046e-05 -4.56071e-06 -0.00343846 3.54514e-09 
99635 -85.9022 6.57112e-05 -4.56023e-06 -0.00343907 3.54367e-09 
99636 -85.9024 6.56195e-05 -4.55976e-06 -0.00343968 3.54221e-09 
99637 -85.9027 6.55294e-05 -4.55929e-06 -0.00344029 3.54075e-09 
99638 -85.9029 6.5441e-05 -4.55883e-06 -0.0034409 3.53931e-09 
99639 -85.9031 6.53542e-05 -4.55836e-06 -0.0034415 3.53788e-09 
99640 -85.9033 6.52689e-05 -4.5579e-06 -0.0034421 3.53645e-09 
99641 -85.9035 6.51851e-05 -4.55744e-06 -0.0034427 3.53503e-09 
99642 -85.9037 6.51028e-05 -4.55699e-06 -0.00344329 3.53362e-09 
99643 -85.9039 6.5022e-05 -4.55653e-06 -0.00344388 3.53222e-09 
99644 -85.9041 6.49427e-05 -4.55608e-06 -0.00344447 3.53083e-09 
99645 -85.9043 6.48647e-05 -4.55563e-06 -0.00344505 3.52945e-09 
99646 -85.9045 6.47881e-05 -4.55518e-06 -0.00344563 3.52807e-09 
99647 -85.9047 6.47128e-05 -4.55474e-06 -0.00344621 3.52671e-09 
99648 -85.9049 6.46388e-05 -4.55429e-06 -0.00344679 3.52535e-09 
99649 -85.9051 6.45662e-05 -4.55385e-06 -0.00344736 3.524e-09 
99650 -85.9053 6.44948e-05 -4.55341e-06 -0.00344793 3.52266e-09 
99651 -85.9055 6.44246e-05 -4.55298e-06 -0.00344849 3.52133e-09 
99652 -85.9057 6.43556e-05 -4.55254e-06 -0.00344906 3.52e-09 
99653 -85.9059 6.42878e-05 -4.55211e-06 -0.00344962 3.51868e-09 
99654 -85.9061 6.42211e-05 -4.55168e-06 -0.00345017 3.51737e-09 
99655 -85.9063 6.41556e-05 -4.55126e-06 -0.00345073 3.51607e-09 
99656 -85.9065 6.40912e-05 -4.55083e-06 -0.00345128 3.51478e-09 
99657 -85.9067 6.40279e-05 -4.55041e-06 -0.00345183 3.51349e-09 
99658 -85.9069 6.39656e-05 -4.54999e-06 -0.00345238 3.51221e-09 
99659 -85.9071 6.39044e-05 -4.54957e-06 -0.00345292 3.51094e-09 
99660 -85.9073 6.38442e-05 -4.54915e-06 -0.00345346 3.50968e-09 
99661 -85.9074 6.3785e-05 -4.54873e-06 -0.003454 3.50842e-09 
99662 -85.9076 6.37268e-05 -4.54832e-06 -0.00345453 3.50718e-09 
99663 -85.9078 6.36695e-05 -4.54791e-06 -0.00345507 3.50593e-09 
99664 -85.908 6.36131e-05 -4.5475e-06 -0.0034556 3.5047e-09 
99665 -85.9082 6.35577e-05 -4.5471e-06 -0.00345612 3.50348e-09 
99666 -85.9083 6.35032e-05 -4.54669e-06 -0.00345665 3.50226e-09 
99667 -85.9085 6.34495e-05 -4.54629e-06 -0.00345717 3.50104e-09 
99668 -85.9087 6.33967e-05 -4.54589e-06 -0.00345769 3.49984e-09 
99669 -85.9089 6.33448e-05 -4.54549e-06 -0.0034582 3.49864e-09 
99670 -85.9091 6.32937e-05 -4.54509e-06 -0.00345872 3.49745e-09 
99671 -85.9092 6.32433e-05 -4.5447e-06 -0.00345923 3.49627e-09 
99672 -85.9094 6.31938e-05 -4.54431e-06 -0.00345974 3.49509e-09 
99673 -85.9096 6.31451e-05 -4.54392e-06 -0.00346024 3.49392e-09 
99674 -85.9098 6.30971e-05 -4.54353e-06 -0.00346075 3.49276e-09 
99675 -85.9099 6.30498e-05 -4.54314e-06 -0.00346125 3.49161e-09 
99676 -85.9101 6.30033e-05 -4.54276e-06 -0.00346175 3.49046e-09 
99677 -85.9103 6.29575e-05 -4.54237e-06 -0.00346224 3.48932e-09 
99678 -85.9104 6.29124e-05 -4.54199e-06 -0.00346273 3.48818e-09 
99679 -85.9106 6.2868e-05 -4.54161e-06 -0.00346323 3.48705e-09 
99680 -85.9108 6.28243e-05 -4.54124e-06 -0.00346371 3.48593e-09 
99681 -85.9109 6.27812e-05 -4.54086e-06 -0.0034642 3.48481e-09 
99682 -85.9111 6.27388e-05 -4.54049e-06 -0.00346468 3.4837e-09 
99683 -85.9113 6.2697e-05 -4.54012e-06 -0.00346516 3.4826e-09 
99684 -85.9114 6.26558e-05 -4.53975e-06 -0.00346564 3.48151e-09 
99685 -85.9116 6.26152e-05 -4.53938e-06 -0.00346612 3.48042e-09 
99686 -85.9118 6.25753e-05 -4.53901e-06 -0.00346659 3.47933e-09 
99687 -85.9119 6.25359e-05 -4.53865e-06 -0.00346706 3.47825e-09 
99688 -85.9121 6.24971e-05 -4.53829e-06 -0.00346753 3.47718e-09 
99689 -85.9122 6.24588e-05 -4.53793e-06 -0.00346799 3.47612e-09 
99690 -85.9124 6.24211e-05 -4.53757e-06 -0.00346846 3.47506e-09 
99691 -85.9125 6.23839e-05 -4.53721e-06 -0.00346892 3.47401e-09 
99692 -85.9127 6.23473e-05 -4.53685e-06 -0.00346938 3.47296e-09 
99693 -85.9129 6.23112e-05 -4.5365e-06 -0.00346984 3.47192e-09 
99694 -85.913 6.22755e-05 -4.53615e-06 -0.00347029 3.47088e-09 
99695 -85.9132 6.22404e-05 -4.5358e-06 -0.00347074 3.46986e-09 
99696 -85.9133 6.22058e-05 -4.53545e-06 -0.00347119 3.46883e-09 
99697 -85.9135 6.21717e-05 -4.5351e-06 -0.00347164 3.46782e-09 
99698 -85.9136 6.2138e-05 -4.53476e-06 -0.00347208 3.4668e-09 
99699 -85.9138 6.21048e-05 -4.53442e-06 -0.00347253 3.4658e-09 
99700 -85.9139 6.2072e-05 -4.53407e-06 -0.00347297 3.4648e-09 
99701 -85.9141 6.20397e-05 -4.53373e-06 -0.0034734 3.4638e-09 
99702 -85.9142 6.20078e-05 -4.5334e-06 -0.00347384 3.46282e-09 
99703 -85.9144 6.19763e-05 -4.53306e-06 -0.00347427 3.46183e-09 
99704 -85.9145 6.19453e-05 -4.53272e-06 -0.00347471 3.46085e-09 
99705 -85.9147 6.19147e-05 -4.53239e-06 -0.00347513 3.45988e-09 
99706 -85.9148 6.18844e-05 -4.53206e-06 -0.00347556 3.45892e-09 
99707 -85.9149 6.18546e-05 -4.53173e-06 -0.00347599 3.45795e-09 
99708 -85.9151 6.18251e-05 -4.5314e-06 -0.00347641 3.457e-09 
99709 -85.9152 6.17961e-05 -4.53107e-06 -0.00347683 3.45605e-09 
99710 -85.9154 6.17674e-05 -4.53075e-06 -0.00347725 3.4551e-09 
99711 -85.9155 6.1739e-05 -4.53042e-06 -0.00347766 3.45416e-09 
99712 -85.9157 6.17111e-05 -4.5301e-06 -0.00347808 3.45323e-09 
99713 -85.9158 6.16835e-05 -4.52978e-06 -0.00347849 3.4523e-09 
99714 -85.9159 6.16562e-05 -4.52946e-06 -0.0034789 3.45138e-09 
99715 -85.9161 6.16292e-05 -4.52915e-06 -0.00347931 3.45046e-09 
99716 -85.9162 6.16026e-05 -4.52883e-06 -0.00347971 3.44954e-09 
99717 -85.9163 6.15764e-05 -4.52851e-06 -0.00348012 3.44863e-09 
99718 -85.9165 6.15504e-05 -4.5282e-06 -0.00348052 3.44773e-09 
99719 -85.9166 6.15248e-05 -4.52789e-06 -0.00348092 3.44683e-09 
99720 -85.9168 6.14994e-05 -4.52758e-06 -0.00348132 3.44594e-09 
99721 -85.9169 6.14744e-05 -4.52727e-06 -0.00348171 3.44505e-09 
99722 -85.917 6.14497e-05 -4.52696e-06 -0.00348211 3.44416e-09 
99723 -85.9171 6.14253e-05 -4.52666e-06 -0.0034825 3.44329e-09 
99724 -85.9173 6.14011e-05 -4.52635e-06 -0.00348289 3.44241e-09 
99725 -85.9174 6.13772e-05 -4.52605e-06 -0.00348327 3.44154e-09 
99726 -85.9175 6.13536e-05 -4.52575e-06 -0.00348366 3.44068e-09 
99727 -85.9177 6.13303e-05 -4.52545e-06 -0.00348404 3.43982e-09 
99728 -85.9178 6.13073e-05 -4.52515e-06 -0.00348442 3.43896e-09 
99729 -85.9179 6.12845e-05 -4.52486e-06 -0.0034848 3.43811e-09 
99730 -85.9181 6.1262e-05 -4.52456e-06 -0.00348518 3.43726e-09 
99731 -85.9182 6.12397e-05 -4.52427e-06 -0.00348556 3.43642e-09 
99732 -85.9183 6.12177e-05 -4.52397e-06 -0.00348593 3.43559e-09 
99733 -85.9184 6.11959e-05 -4.52368e-06 -0.0034863 3.43475e-09 
99734 -85.9186 6.11743e-05 -4.52339e-06 -0.00348667 3.43393e-09 
99735 -85.9187 6.1153e-05 -4.5231e-06 -0.00348704 3.4331e-09 
99736 -85.9188 6.11319e-05 -4.52282e-06 -0.00348741 3.43228e-09 
99737 -85.9189 6.11111e-05 -4.52253e-06 -0.00348777 3.43147e-09 
99738 -85.9191 6.10905e-05 -4.52224e-06 -0.00348813 3.43066e-09 
99739 -85.9192 6.10701e-05 -4.52196e-06 -0.00348849 3.42985e-09 
99740 -85.9193 6.10499e-05 -4.52168e-06 -0.00348885 3.42905e-09 
99741 -85.9194 6.10299e-05 -4.5214e-06 -0.00348921 3.42825e-09 
99742 -85.9195 6.10101e-05 -4.52112e-06 -0.00348956 3.42746e-09 
99743 -85.9197 6.09906e-05 -4.52084e-06 -0.00348992 3.42667e-09 
99744 -85.9198 6.09712e-05 -4.52056e-06 -0.00349027 3.42589e-09 
99745 -85.9199 6.09521e-05 -4.52029e-06 -0.00349062 3.42511e-09 
99746 -85.92 6.09331e-05 -4.52001e-06 -0.00349097 3.42433e-09 
99747 -85.9201 6.09143e-05 -4.51974e-06 -0.00349131 3.42356e-09 
99748 -85.9202 6.08957e-05 -4.51947e-06 -0.00349166 3.42279e-09 
99749 -85.9204 6.08773e-05 -4.5192e-06 -0.003492 3.42202e-09 
99750 -85.9205 6.08591e-05 -4.51893e-06 -0.00349234 3.42126e-09 
99751 -85.9206 6.08411e-05 -4.51866e-06 -0.00349268 3.42051e-09 
99752 -85.9207 6.08232e-05 -4.5184e-06 -0.00349302 3.41976e-09 
99753 -85.9208 6.08055e-05 -4.51813e-06 -0.00349335 3.41901e-09 
99754 -85.9209 6.0788e-05 -4.51787e-06 -0.00349369 3.41826e-09 
99755 -85.921 6.07707e-05 -4.5176e-06 -0.00349402 3.41752e-09 
99756 -85.9212 6.07535e-05 -4.51734e-06 -0.00349435 3.41679e-09 
99757 -85.9213 6.07365e-05 -4.51708e-06 -0.00349468 3.41605e-09 
99758 -85.9214 6.07196e-05 -4.51682e-06 -0.003495 3.41533e-09 
99759 -85.9215 6.07029e-05 -4.51656e-06 -0.00349533 3.4146e-09 
99760 -85.9216 6.06863e-05 -4.5163e-06 -0.00349565 3.41388e-09 
99761 -85.9217 6.06699e-05 -4.51605e-06 -0.00349597 3.41316e-09 
99762 -85.9218 6.06537e-05 -4.51579e-06 -0.00349629 3.41245e-09 
99763 -85.9219 6.06376e-05 -4.51554e-06 -0.00349661 3.41174e-09 
99764 -85.922 6.06216e-05 -4.51529e-06 -0.00349693 3.41103e-09 
99765 -85.9221 6.06058e-05 -4.51504e-06 -0.00349725 3.41033e-09 
99766 -85.9222 6.05902e-05 -4.51479e-06 -0.00349756 3.40963e-09 
99767 -85.9223 6.05746e-05 -4.51454e-06 -0.00349787 3.40893e-09 
99768 -85.9224 6.05592e-05 -4.51429e-06 -0.00349818 3.40824e-09 
99769 -85.9226 6.0544e-05 -4.51404e-06 -0.00349849 3.40755e-09 
99770 -85.9227 6.05289e-05 -4.5138e-06 -0.0034988 3.40687e-09 
99771 -85.9228 6.05139e-05 -4.51355e-06 -0.0034991 3.40618e-09 
99772 -85.9229 6.0499e-05 -4.51331e-06 -0.00349941 3.40551e-09 
99773 -85.923 6.04842e-05 -4.51307e-06 -0.00349971 3.40483e-09 
99774 -85.9231 6.04696e-05 -4.51282e-06 -0.00350001 3.40416e-09 
99775 -85.9232 6.04551e-05 -4.51258e-06 -0.00350031 3.40349e-09 
99776 -85.9233 6.04408e-05 -4.51234e-06 -0.00350061 3.40283e-09 
99777 -85.9234 6.04265e-05 -4.51211e-06 -0.00350091 3.40217e-09 
99778 -85.9235 6.04124e-05 -4.51187e-06 -0.0035012 3.40151e-09 
99779 -85.9236 6.03983e-05 -4.51163e-06 -0.00350149 3.40085e-09 
99780 -85.9237 6.03844e-05 -4.5114e-06 -0.00350179 3.4002e-09 
99781 -85.9238 6.03706e-05 -4.51116e-06 -0.00350208 3.39955e-09 
99782 -85.9239 6.0357e-05 -4.51093e-06 -0.00350236 3.39891e-09 
99783 -85.924 6.03434e-05 -4.5107e-06 -0.00350265 3.39827e-09 
99784 -85.9241 6.03299e-05 -4.51047e-06 -0.00350294 3.39763e-09 
99785 -85.9242 6.03166e-05 -4.51024e-06 -0.00350322 3.39699e-09 
99786 -85.9243 6.03033e-05 -4.51001e-06 -0.00350351 3.39636e-09 
99787 -85.9244 6.02901e-05 -4.50978e-06 -0.00350379 3.39573e-09 
99788 -85.9245 6.02771e-05 -4.50955e-06 -0.00350407 3.39511e-09 
99789 -85.9246 6.02641e-05 -4.50933e-06 -0.00350435 3.39448e-09 
99790 -85.9246 6.02513e-05 -4.5091e-06 -0.00350462 3.39386e-09 
99791 -85.9247 6.02385e-05 -4.50888e-06 -0.0035049 3.39325e-09 
99792 -85.9248 6.02259e-05 -4.50865e-06 -0.00350517 3.39263e-09 
99793 -85.9249 6.02133e-05 -4.50843e-06 -0.00350545 3.39202e-09 
99794 -85.925 6.02008e-05 -4.50821e-06 -0.00350572 3.39141e-09 
99795 -85.9251 6.01884e-05 -4.50799e-06 -0.00350599 3.39081e-09 
99796 -85.9252 6.01761e-05 -4.50777e-06 -0.00350626 3.39021e-09 
99797 -85.9253 6.01639e-05 -4.50755e-06 -0.00350652 3.38961e-09 
99798 -85.9254 6.01518e-05 -4.50733e-06 -0.00350679 3.38901e-09 
99799 -85.9255 6.01398e-05 -4.50712e-06 -0.00350705 3.38842e-09 
99800 -85.9256 6.01279e-05 -4.5069e-06 -0.00350732 3.38783e-09 
99801 -85.9257 6.0116e-05 -4.50669e-06 -0.00350758 3.38724e-09 
99802 -85.9258 6.01042e-05 -4.50647e-06 -0.00350784 3.38666e-09 
99803 -85.9258 6.00926e-05 -4.50626e-06 -0.0035081 3.38607e-09 
99804 -85.9259 6.00809e-05 -4.50605e-06 -0.00350836 3.38549e-09 
99805 -85.926 6.00694e-05 -4.50584e-06 -0.00350861 3.38492e-09 
99806 -85.9261 6.0058e-05 -4.50563e-06 -0.00350887 3.38434e-09 
99807 -85.9262 6.00466e-05 -4.50542e-06 -0.00350912 3.38377e-09 
99808 -85.9263 6.00353e-05 -4.50521e-06 -0.00350937 3.38321e-09 
99809 -85.9264 6.00241e-05 -4.505e-06 -0.00350963 3.38264e-09 
99810 -85.9265 6.0013e-05 -4.50479e-06 -0.00350988 3.38208e-09 
99811 -85.9265 6.00019e-05 -4.50459e-06 -0.00351012 3.38152e-09 
99812 -85.9266 5.99909e-05 -4.50438e-06 -0.00351037 3.38096e-09 
99813 -85.9267 5.998e-05 -4.50418e-06 -0.00351062 3.3804e-09 
99814 -85.9268 5.99691e-05 -4.50397e-06 -0.00351086 3.37985e-09 
99815 -85.9269 5.99584e-05 -4.50377e-06 -0.00351111 3.3793e-09 
99816 -85.927 5.99477e-05 -4.50357e-06 -0.00351135 3.37876e-09 
99817 -85.9271 5.9937e-05 -4.50337e-06 -0.00351159 3.37821e-09 
99818 -85.9271 5.99265e-05 -4.50317e-06 -0.00351183 3.37767e-09 
99819 -85.9272 5.9916e-05 -4.50297e-06 -0.00351207 3.37713e-09 
99820 -85.9273 5.99055e-05 -4.50277e-06 -0.0035123 3.37659e-09 
99821 -85.9274 5.98952e-05 -4.50257e-06 -0.00351254 3.37606e-09 
99822 -85.9275 5.98849e-05 -4.50237e-06 -0.00351277 3.37553e-09 
99823 -85.9276 5.98746e-05 -4.50218e-06 -0.00351301 3.375e-09 
99824 -85.9276 5.98645e-05 -4.50198e-06 -0.00351324 3.37447e-09 
99825 -85.9277 5.98543e-05 -4.50179e-06 -0.00351347 3.37394e-09 
99826 -85.9278 5.98443e-05 -4.50159e-06 -0.0035137 3.37342e-09 
99827 -85.9279 5.98343e-05 -4.5014e-06 -0.00351393 3.3729e-09 
99828 -85.928 5.98244e-05 -4.50121e-06 -0.00351416 3.37238e-09 
99829 -85.928 5.98145e-05 -4.50102e-06 -0.00351438 3.37187e-09 
99830 -85.9281 5.98047e-05 -4.50083e-06 -0.00351461 3.37135e-09 
99831 -85.9282 5.9795e-05 -4.50064e-06 -0.00351483 3.37084e-09 
99832 -85.9283 5.97853e-05 -4.50045e-06 -0.00351506 3.37034e-09 
99833 -85.9284 5.97756e-05 -4.50026e-06 -0.00351528 3.36983e-09 
99834 -85.9284 5.97661e-05 -4.50007e-06 -0.0035155 3.36933e-09 
99835 -85.9285 5.97565e-05 -4.49988e-06 -0.00351572 3.36882e-09 
99836 -85.9286 5.97471e-05 -4.4997e-06 -0.00351594 3.36832e-09 
99837 -85.9287 5.97377e-05 -4.49951e-06 -0.00351615 3.36783e-09 
99838 -85.9287 5.97283e-05 -4.49933e-06 -0.00351637 3.36733e-09 
99839 -85.9288 5.9719e-05 -4.49914e-06 -0.00351658 3.36684e-09 
99840 -85.9289 5.97097e-05 -4.49896e-06 -0.0035168 3.36635e-09 
99841 -85.929 5.97005e-05 -4.49878e-06 -0.00351701 3.36586e-09 
99842 -85.929 5.96914e-05 -4.4986e-06 -0.00351722 3.36537e-09 
99843 -85.9291 5.96823e-05 -4.49841e-06 -0.00351743 3.36489e-09 
99844 -85.9292 5.96733e-05 -4.49823e-06 -0.00351764 3.36441e-09 
99845 -85.9293 5.96643e-05 -4.49805e-06 -0.00351785 3.36393e-09 
99846 -85.9293 5.96553e-05 -4.49787e-06 -0.00351806 3.36345e-09 
99847 -85.9294 5.96464e-05 -4.4977e-06 -0.00351826 3.36298e-09 
99848 -85.9295 5.96376e-05 -4.49752e-06 -0.00351847 3.3625e-09 
99849 -85.9296 5.96288e-05 -4.49734e-06 -0.00351867 3.36203e-09 
99850 -85.9296 5.962e-05 -4.49716e-06 -0.00351887 3.36156e-09 
99851 -85.9297 5.96113e-05 -4.49699e-06 -0.00351908 3.36109e-09 
99852 -85.9298 5.96027e-05 -4.49681e-06 -0.00351928 3.36063e-09 
99853 -85.9299 5.9594e-05 -4.49664e-06 -0.00351948 3.36016e-09 
99854 -85.9299 5.95855e-05 -4.49646e-06 -0.00351967 3.3597e-09 
99855 -85.93 5.9577e-05 -4.49629e-06 -0.00351987 3.35924e-09 
99856 -85.9301 5.95685e-05 -4.49612e-06 -0.00352007 3.35879e-09 
99857 -85.9301 5.956e-05 -4.49595e-06 -0.00352026 3.35833e-09 
99858 -85.9302 5.95517e-05 -4.49578e-06 -0.00352046 3.35788e-09 
99859 -85.9303 5.95433e-05 -4.49561e-06 -0.00352065 3.35743e-09 
99860 -85.9304 5.9535e-05 -4.49544e-06 -0.00352084 3.35698e-09 
99861 -85.9304 5.95267e-05 -4.49527e-06 -0.00352104 3.35653e-09 
99862 -85.9305 5.95185e-05 -4.4951e-06 -0.00352123 3.35608e-09 
99863 -85.9306 5.95104e-05 -4.49493e-06 -0.00352142 3.35564e-09 
99864 -85.9306 5.95022e-05 -4.49476e-06 -0.0035216 3.3552e-09 
99865 -85.9307 5.94941e-05 -4.49459e-06 -0.00352179 3.35476e-09 
99866 -85.9308 5.94861e-05 -4.49443e-06 -0.00352198 3.35432e-09 
99867 -85.9308 5.94781e-05 -4.49426e-06 -0.00352216 3.35388e-09 
99868 -85.9309 5.94701e-05 -4.4941e-06 -0.00352235 3.35345e-09 
99869 -85.931 5.94622e-05 -4.49393e-06 -0.00352253 3.35301e-09 
99870 -85.931 5.94543e-05 -4.49377e-06 -0.00352271 3.35258e-09 
99871 -85.9311 5.94464e-05 -4.49361e-06 -0.0035229 3.35215e-09 
99872 -85.9312 5.94386e-05 -4.49344e-06 -0.00352308 3.35172e-09 
99873 -85.9313 5.94308e-05 -4.49328e-06 -0.00352326 3.3513e-09 
99874 -85.9313 5.94231e-05 -4.49312e-06 -0.00352344 3.35087e-09 
99875 -85.9314 5.94153e-05 -4.49296e-06 -0.00352361 3.35045e-09 
99876 -85.9315 5.94077e-05 -4.4928e-06 -0.00352379 3.35003e-09 
99877 -85.9315 5.94e-05 -4.49264e-06 -0.00352397 3.34961e-09 
99878 -85.9316 5.93924e-05 -4.49248e-06 -0.00352414 3.34919e-09 
99879 -85.9316 5.93849e-05 -4.49232e-06 -0.00352431 3.34878e-09 
99880 -85.9317 5.93774e-05 -4.49216e-06 -0.00352449 3.34836e-09 
99881 -85.9318 5.93699e-05 -4.492e-06 -0.00352466 3.34795e-09 
99882 -85.9318 5.93624e-05 -4.49185e-06 -0.00352483 3.34754e-09 
99883 -85.9319 5.9355e-05 -4.49169e-06 -0.003525 3.34713e-09 
99884 -85.932 5.93476e-05 -4.49153e-06 -0.00352517 3.34672e-09 
99885 -85.932 5.93402e-05 -4.49138e-06 -0.00352534 3.34632e-09 
99886 -85.9321 5.93329e-05 -4.49122e-06 -0.00352551 3.34591e-09 
99887 -85.9322 5.93256e-05 -4.49107e-06 -0.00352567 3.34551e-09 
99888 -85.9322 5.93184e-05 -4.49091e-06 -0.00352584 3.34511e-09 
99889 -85.9323 5.93112e-05 -4.49076e-06 -0.00352601 3.34471e-09 
99890 -85.9324 5.9304e-05 -4.49061e-06 -0.00352617 3.34431e-09 
99891 -85.9324 5.92968e-05 -4.49046e-06 -0.00352633 3.34392e-09 
99892 -85.9325 5.92897e-05 -4.4903e-06 -0.0035265 3.34352e-09 
99893 -85.9325 5.92826e-05 -4.49015e-06 -0.00352666 3.34313e-09 
99894 -85.9326 5.92755e-05 -4.49e-06 -0.00352682 3.34274e-09 
99895 -85.9327 5.92685e-05 -4.48985e-06 -0.00352698 3.34235e-09 
99896 -85.9327 5.92615e-05 -4.4897e-06 -0.00352714 3.34196e-09 
99897 -85.9328 5.92545e-05 -4.48955e-06 -0.0035273 3.34157e-09 
99898 -85.9328 5.92476e-05 -4.4894e-06 -0.00352745 3.34118e-09 
99899 -85.9329 5.92407e-05 -4.48926e-06 -0.00352761 3.3408e-09 
99900 -85.933 5.92338e-05 -4.48911e-06 -0.00352777 3.34042e-09 
99901 -85.933 5.9227e-05 -4.48896e-06 -0.00352792 3.34004e-09 
99902 -85.9331 5.92201e-05 -4.48881e-06 -0.00352807 3.33966e-09 
99903 -85.9332 5.92133e-05 -4.48867e-06 -0.00352823 3.33928e-09 
99904 -85.9332 5.92066e-05 -4.48852e-06 -0.00352838 3.3389e-09 
99905 -85.9333 5.91998e-05 -4.48838e-06 -0.00352853 3.33852e-09 
99906 -85.9333 5.91931e-05 -4.48823e-06 -0.00352868 3.33815e-09 
99907 -85.9334 5.91865e-05 -4.48809e-06 -0.00352883 3.33778e-09 
99908 -85.9335 5.91798e-05 -4.48794e-06 -0.00352898 3.33741e-09 
99909 -85.9335 5.91732e-05 -4.4878e-06 -0.00352913 3.33704e-09 
99910 -85.9336 5.91666e-05 -4.48766e-06 -0.00352928 3.33667e-09 
99911 -85.9336 5.916e-05 -4.48751e-06 -0.00352942 3.3363e-09 
99912 -85.9337 5.91535e-05 -4.48737e-06 -0.00352957 3.33593e-09 
99913 -85.9337 5.9147e-05 -4.48723e-06 -0.00352972 3.33557e-09 
99914 -85.9338 5.91405e-05 -4.48709e-06 -0.00352986 3.33521e-09 
99915 -85.9339 5.9134e-05 -4.48695e-06 -0.00353 3.33484e-09 
99916 -85.9339 5.91276e-05 -4.48681e-06 -0.00353015 3.33448e-09 
99917 -85.934 5.91212e-05 -4.48667e-06 -0.00353029 3.33412e-09 
99918 -85.934 5.91148e-05 -4.48653e-06 -0.00353043 3.33377e-09 
99919 -85.9341 5.91084e-05 -4.48639e-06 -0.00353057 3.33341e-09 
99920 -85.9341 5.91021e-05 -4.48625e-06 -0.00353071 3.33305e-09 
99921 -85.9342 5.90958e-05 -4.48611e-06 -0.00353085 3.3327e-09 
99922 -85.9343 5.90895e-05 -4.48597e-06 -0.00353099 3.33235e-09 
99923 -85.9343 5.90832e-05 -4.48584e-06 -0.00353113 3.332e-09 
99924 -85.9344 5.9077e-05 -4.4857e-06 -0.00353126 3.33165e-09 
99925 -85.9344 5.90708e-05 -4.48556e-06 -0.0035314 3.3313e-09 
99926 -85.9345 5.90646e-05 -4.48543e-06 -0.00353153 3.33095e-09 
99927 -85.9345 5.90584e-05 -4.48529e-06 -0.00353167 3.3306e-09 
99928 -85.9346 5.90523e-05 -4.48516e-06 -0.0035318 3.33026e-09 
99929 -85.9347 5.90462e-05 -4.48502e-06 -0.00353194 3.32991e-09 
99930 -85.9347 5.90401e-05 -4.48489e-06 -0.00353207 3.32957e-09 
99931 -85.9348 5.9034e-05 -4.48475e-06 -0.0035322 3.32923e-09 
99932 -85.9348 5.9028e-05 -4.48462e-06 -0.00353233 3.32889e-09 
99933 -85.9349 5.90219e-05 -4.48449e-06 -0.00353246 3.32855e-09 
99934 -85.9349 5.90159e-05 -4.48435e-06 -0.00353259 3.32821e-09 
99935 -85.935 5.901e-05 -4.48422e-06 -0.00353272 3.32787e-09 
99936 -85.935 5.9004e-05 -4.48409e-06 -0.00353285 3.32754e-09 
99937 -85.9351 5.89981e-05 -4.48396e-06 -0.00353298 3.3272e-09 
99938 -85.9351 5.89921e-05 -4.48383e-06 -0.0035331 3.32687e-09 
99939 -85.9352 5.89863e-05 -4.4837e-06 -0.00353323 3.32654e-09 
99940 -85.9352 5.89804e-05 -4.48357e-06 -0.00353336 3.32621e-09 
99941 -85.9353 5.89745e-05 -4.48344e-06 -0.00353348 3.32588e-09 
99942 -85.9354 5.89687e-05 -4.48331e-06 -0.00353361 3.32555e-09 
99943 -85.9354 5.89629e-05 -4.48318e-06 -0.00353373 3.32522e-09 
99944 -85.9355 5.89571e-05 -4.48305e-06 -0.00353385 3.32489e-09 
99945 -85.9355 5.89513e-05 -4.48292e-06 -0.00353397 3.32457e-09 
99946 -85.9356 5.89456e-05 -4.48279e-06 -0.0035341 3.32424e-09 
99947 -85.9356 5.89399e-05 -4.48266e-06 -0.00353422 3.32392e-09 
99948 -85.9357 5.89342e-05 -4.48254e-06 -0.00353434 3.3236e-09 
99949 -85.9357 5.89285e-05 -4.48241e-06 -0.00353446 3.32327e-09 
99950 -85.9358 5.89228e-05 -4.48228e-06 -0.00353458 3.32295e-09 
99951 -85.9358 5.89172e-05 -4.48216e-06 -0.00353469 3.32263e-09 
99952 -85.9359 5.89116e-05 -4.48203e-06 -0.00353481 3.32232e-09 
99953 -85.9359 5.8906e-05 -4.4819e-06 -0.00353493 3.322e-09 
99954 -85.936 5.89004e-05 -4.48178e-06 -0.00353504 3.32168e-09 
99955 -85.936 5.88948e-05 -4.48165e-06 -0.00353516 3.32137e-09 
99956 -85.9361 5.88893e-05 -4.48153e-06 -0.00353528 3.32105e-09 
99957 -85.9361 5.88837e-05 -4.4814e-06 -0.00353539 3.32074e-09 
99958 -85.9362 5.88782e-05 -4.48128e-06 -0.0035355 3.32043e-09 
99959 -85.9362 5.88727e-05 -4.48116e-06 -0.00353562 3.32012e-09 
99960 -85.9363 5.88673e-05 -4.48103e-06 -0.00353573 3.31981e-09 
99961 -85.9363 5.88618e-05 -4.48091e-06 -0.00353584 3.3195e-09 
99962 -85.9364 5.88564e-05 -4.48079e-06 -0.00353595 3.31919e-09 
99963 -85.9364 5.8851e-05 -4.48067e-06 -0.00353606 3.31888e-09 
99964 -85.9365 5.88456e-05 -4.48054e-06 -0.00353617 3.31858e-09 
99965 -85.9365 5.88402e-05 -4.48042e-06 -0.00353628 3.31827e-09 
99966 -85.9366 5.88348e-05 -4.4803e-06 -0.00353639 3.31797e-09 
99967 -85.9366 5.88295e-05 -4.48018e-06 -0.0035365 3.31766e-09 
99968 -85.9367 5.88241e-05 -4.48006e-06 -0.00353661 3.31736e-09 
99969 -85.9367 5.88188e-05 -4.47994e-06 -0.00353672 3.31706e-09 
99970 -85.9368 5.88135e-05 -4.47982e-06 -0.00353682 3.31676e-09 
99971 -85.9368 5.88083e-05 -4.4797e-06 -0.00353693 3.31646e-09 
99972 -85.9369 5.8803e-05 -4.47958e-06 -0.00353703 3.31616e-09 
99973 -85.9369 5.87978e-05 -4.47946e-06 -0.00353714 3.31586e-09 
99974 -85.937 5.87925e-05 -4.47934e-06 -0.00353724 3.31557e-09 
99975 -85.937 5.87873e-05 -4.47922e-06 -0.00353735 3.31527e-09 
99976 -85.9371 5.87822e-05 -4.47911e-06 -0.00353745 3.31498e-09 
99977 -85.9371 5.8777e-05 -4.47899e-06 -0.00353755 3.31468e-09 
99978 -85.9372 5.87718e-05 -4.47887e-06 -0.00353766 3.31439e-09 
99979 -85.9372 5.87667e-05 -4.47875e-06 -0.00353776 3.3141e-09 
99980 -85.9373 5.87616e-05 -4.47864e-06 -0.00353786 3.31381e-09 
99981 -85.9373 5.87564e-05 -4.47852e-06 -0.00353796 3.31352e-09 
99982 -85.9374 5.87514e-05 -4.4784e-06 -0.00353806 3.31323e-09 
99983 -85.9374 5.87463e-05 -4.47829e-06 -0.00353816 3.31294e-09 
99984 -85.9375 5.87412e-05 -4.47817e-06 -0.00353826 3.31265e-09 
99985 -85.9375 5.87362e-05 -4.47806e-06 -0.00353835 3.31236e-09 
99986 -85.9375 5.87311e-05 -4.47794e-06 -0.00353845 3.31208e-09 
99987 -85.9376 5.87261e-05 -4.47783e-06 -0.00353855 3.31179e-09 
99988 -85.9376 5.87211e-05 -4.47771e-06 -0.00353864 3.31151e-09 
99989 -85.9377 5.87161e-05 -4.4776e-06 -0.00353874 3.31122e-09 
99990 -85.9377 5.87112e-05 -4.47748e-06 -0.00353884 3.31094e-09 
99991 -85.9378 5.87062e-05 -4.47737e-06 -0.00353893 3.31066e-09 
99992 -85.9378 5.87013e-05 -4.47726e-06 -0.00353903 3.31037e-09 
99993 -85.9379 5.86963e-05 -4.47714e-06 -0.00353912 3.31009e-09 
99994 -85.9379 5.86914e-05 -4.47703e-06 -0.00353921 3.30981e-09 
99995 -85.938 5.86865e-05 -4.47692e-06 -0.00353931 3.30954e-09 
99996 -85.938 5.86817e-05 -4.4768e-06 -0.0035394 3.30926e-09 
99997 -85.9381 5.86768e-05 -4.47669e-06 -0.00353949 3.30898e-09 
99998 -85.9381 5.86719e-05 -4.47658e-06 -0.00353958 3.3087e-09 
99999 -85.9381 5.86671e-05 -4.47647e-06 -0.00353967 3.30843e-09 
