98950 -85.4993 2.08784e-05 -5.71273e-06 -0.00362674 2.97164e-09 
98951 -85.4994 2.08706e-05 -5.71237e-06 -0.00362735 2.97116e-09 
98952 -85.4995 2.0863e-05 -5.71201e-06 -0.00362795 2.97069e-09 
98953 -85.4996 2.08555e-05 -5.71166e-06 -0.00362856 2.97022e-09 
98954 -85.4998 2.08481e-05 -5.7113e-06 -0.00362916 2.96975e-09 
98955 -85.4999 2.08408e-05 -5.71094e-06 -0.00362976 2.96928e-09 
98956 -85.5 2.08336e-05 -5.71059e-06 -0.00363035 2.96881e-09 
98957 -85.5001 2.08265e-05 -5.71024e-06 -0.00363094 2.96835e-09 
98958 -85.5002 2.08195e-05 -5.70988e-06 -0.00363153 2.96789e-09 
98959 -85.5004 2.08126e-05 -5.70953e-06 -0.00363212 2.96743e-09 
98960 -85.5005 2.08058e-05 -5.70918e-06 -0.0036327 2.96697e-09 
98961 -85.5006 2.07991e-05 -5.70883e-06 -0.00363328 2.96651e-09 
98962 -85.5007 2.07924e-05 -5.70849e-06 -0.00363386 2.96606e-09 
98963 -85.5009 2.07859e-05 -5.70814e-06 -0.00363443 2.9656e-09 
98964 -85.501 2.07794e-05 -5.70779e-06 -0.003635 2.96515e-09 
98965 -85.5011 2.07731e-05 -5.70745e-06 -0.00363557 2.9647e-09 
98966 -85.5012 2.07668e-05 -5.7071e-06 -0.00363613 2.96426e-09 
98967 -85.5013 2.07606e-05 -5.70676e-06 -0.0036367 2.96381e-09 
98968 -85.5014 2.07544e-05 -5.70642e-06 -0.00363726 2.96337e-09 
98969 -85.5016 2.07484e-05 -5.70608e-06 -0.00363781 2.96293e-09 
98970 -85.5017 2.07424e-05 -5.70574e-06 -0.00363836 2.96248e-09 
98971 -85.5018 2.07365e-05 -5.7054e-06 -0.00363892 2.96205e-09 
98972 -85.5019 2.07307e-05 -5.70506e-06 -0.00363946 2.96161e-09 
98973 -85.502 2.0725e-05 -5.70473e-06 -0.00364001 2.96117e-09 
98974 -85.5021 2.07193e-05 -5.70439e-06 -0.00364055 2.96074e-09 
98975 -85.5023 2.07137e-05 -5.70406e-06 -0.00364109 2.96031e-09 
98976 -85.5024 2.07081e-05 -5.70372e-06 -0.00364162 2.95988e-09 
98977 -85.5025 2.07027e-05 -5.70339e-06 -0.00364216 2.95945e-09 
98978 -85.5026 2.06973e-05 -5.70306e-06 -0.00364269 2.95902e-09 
98979 -85.5027 2.06919e-05 -5.70273e-06 -0.00364322 2.95859e-09 
98980 -85.5028 2.06867e-05 -5.7024e-06 -0.00364374 2.95817e-09 
98981 -85.5029 2.06814e-05 -5.70207e-06 -0.00364427 2.95775e-09 
98982 -85.503 2.06763e-05 -5.70174e-06 -0.00364478 2.95733e-09 
98983 -85.5032 2.06712e-05 -5.70141e-06 -0.0036453 2.95691e-09 
98984 -85.5033 2.06662e-05 -5.70109e-06 -0.00364582 2.95649e-09 
98985 -85.5034 2.06612e-05 -5.70076e-06 -0.00364633 2.95607e-09 
98986 -85.5035 2.06563e-05 -5.70044e-06 -0.00364684 2.95566e-09 
98987 -85.5036 2.06514e-05 -5.70011e-06 -0.00364734 2.95524e-09 
98988 -85.5037 2.06466e-05 -5.69979e-06 -0.00364785 2.95483e-09 
98989 -85.5038 2.06418e-05 -5.69947e-06 -0.00364835 2.95442e-09 
98990 -85.5039 2.06371e-05 -5.69915e-06 -0.00364885 2.95401e-09 
98991 -85.504 2.06325e-05 -5.69883e-06 -0.00364934 2.9536e-09 
98992 -85.5041 2.06279e-05 -5.69851e-06 -0.00364984 2.9532e-09 
98993 -85.5043 2.06233e-05 -5.69819e-06 -0.00365033 2.95279e-09 
98994 -85.5044 2.06188e-05 -5.69787e-06 -0.00365082 2.95239e-09 
98995 -85.5045 2.06144e-05 -5.69756e-06 -0.0036513 2.95199e-09 
98996 -85.5046 2.06099e-05 -5.69724e-06 -0.00365179 2.95159e-09 
98997 -85.5047 2.06056e-05 -5.69693e-06 -0.00365227 2.95119e-09 
98998 -85.5048 2.06013e-05 -5.69661e-06 -0.00365274 2.95079e-09 
98999 -85.5049 2.0597e-05 -5.6963e-06 -0.00365322 2.95039e-09 
99000 -85.505 2.05927e-05 -5.69599e-06 -0.00365369 2.95e-09 
99001 19.6826 0.00897686 -224.906 -2.04014 0.0364828 
99002 38.5945 1.12071 -0.00172103 -4.95069 7.57358 
99003 33.4788 1.20625 -5.4459e-08 -6.39203 7.20949 
99004 30.8302 1.03167 -4.29209e-12 -6.78244 5.62762 
99005 29.8631 0.842249 -4.86777e-16 -5.9675 4.26057 
99006 27.863 0.666309 -1.30478e-18 -2.39263 3.15652 
99007 25.4791 0.520964 -1.78454e-19 -2.30702 2.30567 
99008 24.1508 0.415209 -4.83804e-20 -2.33868 1.70995 
99009 23.4717 0.339566 -4.44209e-20 -2.26744 1.2945 
99010 23.1682 0.285752 -5.24654e-20 -2.1719 0.999747 
99011 23.0919 0.247687 -5.64222e-20 -2.07956 0.785566 
99012 23.1561 0.220976 -5.56679e-20 -1.99647 0.625807 
99013 23.3067 0.202446 -5.19126e-20 -1.92264 0.503551 
99014 23.5083 0.189804 -4.67736e-20 -1.85685 0.407847 
99015 23.7373 0.181396 -4.13346e-20 -1.79801 0.331546 
99016 23.9777 0.176025 -3.61943e-20 -1.74535 0.2699 
99017 24.2191 0.172827 -3.16206e-20 -1.69835 0.219667 
99018 24.4543 0.171179 -2.7687e-20 -1.65673 0.178547 
99019 24.6793 0.170634 -2.4367e-20 -1.62033 0.144839 
99020 24.8917 0.170866 -2.15898e-20 -1.58919 0.117227 
99021 25.0909 0.171644 -1.92702e-20 -1.56356 0.0946563 
99022 25.2776 0.172798 -1.73232e-20 -1.54401 0.0762631 
99023 25.4541 0.174206 -1.56686e-20 -1.53146 0.0613258 
99024 25.6241 0.175779 -1.42336e-20 -1.52695 0.0492385 
99025 25.7916 0.177445 -1.29558e-20 -1.53022 0.0394913 
99026 25.959 0.179149 -1.1796e-20 -1.53669 0.031655 
99027 26.1225 0.180841 -1.07553e-20 -1.53836 0.0253691 
99028 26.273 0.182491 -9.86356e-21 -1.53202 0.0203348 
99029 26.4037 0.184095 -9.13862e-21 -1.5208 0.0163098 
99030 26.5121 0.185664 -8.57111e-21 -1.50828 0.0130989 
99031 26.5991 0.187213 -8.13758e-21 -1.49627 0.0105447 
99032 26.6666 0.188753 -7.8133e-21 -1.48539 0.00851875 
99033 26.7168 0.19029 -7.57724e-21 -1.47577 0.00691647 
99034 26.7522 0.191826 -7.41273e-21 -1.46737 0.00565261 
99035 26.7745 0.193362 -7.30686e-21 -1.46006 0.00465807 
99036 26.7856 0.194894 -7.24959e-21 -1.45373 0.00387713 
99037 26.7872 0.19642 -7.23311e-21 -1.44826 0.0032651 
99038 26.7806 0.197934 -7.25125e-21 -1.44355 0.0027863 
99039 26.7671 0.199434 -7.29909e-21 -1.4395 0.00241239 
99040 26.7476 0.200915 -7.37263e-21 -1.43603 0.0021209 
99041 26.7232 0.202374 -7.46861e-21 -1.43306 0.00189412 
99042 26.6946 0.203809 -7.58432e-21 -1.43054 0.00171809 
99043 26.6626 0.205215 -7.7175e-21 -1.4284 0.00158183 
99044 26.6277 0.206592 -7.86624e-21 -1.42661 0.00147673 
99045 26.5905 0.207938 -8.02892e-21 -1.42511 0.00139603 
99046 26.5514 0.209251 -8.20413e-21 -1.42387 0.00133445 
99047 26.5108 0.21053 -8.39067e-21 -1.42286 0.00128784 
99048 26.469 0.211775 -8.58752e-21 -1.42204 0.00125296 
99049 26.4263 0.212986 -8.79378e-21 -1.42139 0.00122728 
99050 26.3829 0.214162 -9.00868e-21 -1.42089 0.00120879 
99051 26.3391 0.215304 -9.23156e-21 -1.42051 0.00119596 
99052 26.2949 0.216411 -9.46186e-21 -1.42024 0.00118755 
99053 26.2506 0.217485 -9.69909e-21 -1.42007 0.00118262 
99054 26.2061 0.218526 -9.94288e-21 -1.41997 0.00118042 
99055 26.1617 0.219535 -1.01929e-20 -1.41993 0.00118036 
99056 26.1173 0.220512 -1.04489e-20 -1.41994 0.00118197 
99057 26.073 0.221459 -1.07107e-20 -1.42 0.00118491 
99058 26.0289 0.222377 -1.09782e-20 -1.42008 0.00118887 
99059 25.985 0.223266 -1.12513e-20 -1.42019 0.00119365 
99060 25.9413 0.224128 -1.15299e-20 -1.42032 0.00119906 
99061 25.8977 0.224964 -1.18142e-20 -1.42046 0.00120497 
99062 25.8544 0.225775 -1.21043e-20 -1.4206 0.00121127 
99063 25.8112 0.226561 -1.24001e-20 -1.42073 0.00121788 
99064 25.7682 0.227325 -1.2702e-20 -1.42087 0.00122473 
99065 25.7253 0.228067 -1.30101e-20 -1.42099 0.00123176 
99066 25.6826 0.228788 -1.33246e-20 -1.42109 0.00123895 
99067 25.64 0.22949 -1.36459e-20 -1.42118 0.00124625 
99068 25.5974 0.230173 -1.39743e-20 -1.42124 0.00125365 
99069 25.5549 0.230838 -1.43102e-20 -1.42128 0.00126113 
99070 25.5124 0.231487 -1.46539e-20 -1.4213 0.00126868 
99071 25.4699 0.232121 -1.50058e-20 -1.42129 0.00127629 
99072 25.4274 0.23274 -1.53664e-20 -1.42124 0.00128395 
99073 25.3848 0.233345 -1.57363e-20 -1.42117 0.00129166 
99074 25.3421 0.233937 -1.61158e-20 -1.42106 0.00129942 
99075 25.2992 0.234518 -1.65056e-20 -1.42091 0.00130723 
99076 25.2562 0.235088 -1.69062e-20 -1.42073 0.00131508 
99077 25.2131 0.235647 -1.73182e-20 -1.42052 0.00132299 
99078 25.1697 0.236197 -1.77423e-20 -1.42026 0.00133096 
99079 25.126 0.236739 -1.81791e-20 -1.41997 0.00133898 
99080 25.0822 0.237272 -1.86293e-20 -1.41964 0.00134706 
99081 25.038 0.237798 -1.90937e-20 -1.41928 0.0013552 
99082 24.9935 0.238318 -1.95729e-20 -1.41887 0.00136342 
99083 24.9486 0.238832 -2.00679e-20 -1.41842 0.00137171 
99084 24.9035 0.23934 -2.05793e-20 -1.41794 0.00138008 
99085 24.8579 0.239844 -2.11081e-20 -1.41742 0.00138854 
99086 24.8119 0.240343 -2.16552e-20 -1.41685 0.00139708 
99087 24.7656 0.240839 -2.22215e-20 -1.41625 0.00140571 
99088 24.7188 0.241331 -2.2808e-20 -1.41561 0.00141444 
99089 24.6715 0.241821 -2.34157e-20 -1.41493 0.00142328 
99090 24.6238 0.242308 -2.40457e-20 -1.41421 0.00143222 
99091 24.5756 0.242794 -2.4699e-20 -1.41345 0.00144127 
99092 24.527 0.243278 -2.5377e-20 -1.41266 0.00145043 
99093 24.4778 0.243761 -2.60807e-20 -1.41183 0.00145971 
99094 24.4281 0.244244 -2.68114e-20 -1.41096 0.00146911 
99095 24.378 0.244726 -2.75706e-20 -1.41005 0.00147864 
99096 24.3272 0.245209 -2.83595e-20 -1.40911 0.0014883 
99097 24.276 0.245691 -2.91797e-20 -1.40813 0.00149809 
99098 24.2242 0.246175 -3.00327e-20 -1.40712 0.00150802 
99099 24.1718 0.246659 -3.092e-20 -1.40607 0.00151809 
99100 24.1189 0.247144 -3.18435e-20 -1.40498 0.0015283 
99101 24.0654 0.247631 -3.28048e-20 -1.40387 0.00153866 
99102 24.0113 0.24812 -3.38057e-20 -1.40271 0.00154917 
99103 23.9567 0.24861 -3.48484e-20 -1.40153 0.00155983 
99104 23.9015 0.249103 -3.59347e-20 -1.40031 0.00157064 
99105 23.8457 0.249598 -3.70669e-20 -1.39906 0.00158161 
99106 23.7893 0.250096 -3.82472e-20 -1.39778 0.00159274 
99107 23.7323 0.250596 -3.94781e-20 -1.39646 0.00160403 
99108 23.6748 0.2511 -4.07619e-20 -1.39512 0.00161549 
99109 23.6166 0.251606 -4.21014e-20 -1.39374 0.00162711 
99110 23.5578 0.252116 -4.34993e-20 -1.39234 0.0016389 
99111 23.4985 0.252629 -4.49585e-20 -1.3909 0.00165087 
99112 23.4385 0.253146 -4.64822e-20 -1.38944 0.001663 
99113 23.3779 0.253666 -4.80736e-20 -1.38795 0.00167531 
99114 23.3167 0.25419 -4.97361e-20 -1.38643 0.0016878 
99115 23.255 0.254718 -5.14733e-20 -1.38488 0.00170046 
99116 23.1926 0.25525 -5.32891e-20 -1.38331 0.00171331 
99117 23.1296 0.255787 -5.51875e-20 -1.38171 0.00172633 
99118 23.066 0.256327 -5.71727e-20 -1.38008 0.00173954 
99119 23.0018 0.256872 -5.92493e-20 -1.37843 0.00175293 
99120 22.9369 0.257422 -6.1422e-20 -1.37675 0.00176652 
99121 22.8715 0.257976 -6.36958e-20 -1.37505 0.00178028 
99122 22.8055 0.258535 -6.6076e-20 -1.37332 0.00179424 
99123 22.7388 0.259098 -6.85683e-20 -1.37157 0.00180839 
99124 22.6716 0.259667 -7.11786e-20 -1.3698 0.00182273 
99125 22.6037 0.26024 -7.39133e-20 -1.368 0.00183726 
99126 22.5352 0.260818 -7.67789e-20 -1.36618 0.00185199 
99127 22.4662 0.261402 -7.97825e-20 -1.36434 0.00186691 
99128 22.3965 0.261991 -8.29317e-20 -1.36248 0.00188203 
99129 22.3261 0.262584 -8.62344e-20 -1.3606 0.00189734 
99130 22.2552 0.263184 -8.9699e-20 -1.35869 0.00191286 
99131 22.1837 0.263788 -9.33343e-20 -1.35677 0.00192858 
99132 22.1115 0.264399 -9.715e-20 -1.35483 0.00194449 
99133 22.0388 0.265014 -1.01156e-19 -1.35286 0.00196061 
99134 21.9654 0.265636 -1.05363e-19 -1.35088 0.00197693 
99135 21.8914 0.266263 -1.09783e-19 -1.34888 0.00199346 
99136 21.8167 0.266896 -1.14427e-19 -1.34686 0.00201019 
99137 21.7415 0.267534 -1.19308e-19 -1.34482 0.00202713 
99138 21.6656 0.268179 -1.2444e-19 -1.34276 0.00204428 
99139 21.5891 0.26883 -1.29837e-19 -1.34069 0.00206163 
99140 21.512 0.269486 -1.35516e-19 -1.3386 0.00207919 
99141 21.4343 0.270149 -1.41492e-19 -1.33649 0.00209697 
99142 21.3559 0.270818 -1.47782e-19 -1.33437 0.00211495 
99143 21.2769 0.271494 -1.54406e-19 -1.33223 0.00213315 
99144 21.1972 0.272175 -1.61384e-19 -1.33008 0.00215156 
99145 21.117 0.272863 -1.68736e-19 -1.32791 0.00217018 
99146 21.036 0.273558 -1.76485e-19 -1.32573 0.00218901 
99147 20.9545 0.274259 -1.84656e-19 -1.32353 0.00220807 
99148 20.8722 0.274967 -1.93274e-19 -1.32132 0.00222733 
99149 20.7894 0.275682 -2.02366e-19 -1.31909 0.00224682 
99150 20.7058 0.276404 -2.11963e-19 -1.31685 0.00226652 
99151 20.6216 0.277132 -2.22096e-19 -1.3146 0.00228644 
99152 20.5368 0.277868 -2.32799e-19 -1.31233 0.00230658 
99153 20.4513 0.27861 -2.44107e-19 -1.31005 0.00232694 
99154 20.365 0.27936 -2.56059e-19 -1.30776 0.00234752 
99155 20.2782 0.280117 -2.68696e-19 -1.30546 0.00236832 
99156 20.1906 0.280882 -2.82064e-19 -1.30314 0.00238934 
99157 20.1023 0.281654 -2.96209e-19 -1.30081 0.00241059 
99158 20.0134 0.282433 -3.11182e-19 -1.29848 0.00243206 
99159 19.9237 0.283221 -3.27039e-19 -1.29613 0.00245375 
99160 19.8333 0.284016 -3.43838e-19 -1.29377 0.00247567 
99161 19.7422 0.284819 -3.61641e-19 -1.2914 0.00249782 
99162 19.6504 0.28563 -3.80518e-19 -1.28901 0.00252019 
99163 19.5578 0.286449 -4.00541e-19 -1.28662 0.00254278 
99164 19.4645 0.287277 -4.21789e-19 -1.28422 0.00256561 
99165 19.3705 0.288113 -4.44346e-19 -1.28181 0.00258866 
99166 19.2757 0.288958 -4.68303e-19 -1.27939 0.00261194 
99167 19.1801 0.289811 -4.93759e-19 -1.27696 0.00263545 
99168 19.0838 0.290673 -5.2082e-19 -1.27452 0.0026592 
99169 18.9867 0.291544 -5.49599e-19 -1.27208 0.00268317 
99170 18.8887 0.292424 -5.80222e-19 -1.26962 0.00270737 
99171 18.79 0.293313 -6.1282e-19 -1.26716 0.0027318 
99172 18.6904 0.294211 -6.47538e-19 -1.26468 0.00275646 
99173 18.5901 0.29512 -6.84532e-19 -1.2622 0.00278136 
99174 18.4888 0.296038 -7.23971e-19 -1.25972 0.00280649 
99175 18.3868 0.296965 -7.66038e-19 -1.25722 0.00283185 
99176 18.2838 0.297903 -8.10931e-19 -1.25472 0.00285745 
99177 18.18 0.298851 -8.58865e-19 -1.2522 0.00288328 
99178 18.0753 0.299809 -9.10073e-19 -1.24969 0.00290934 
99179 17.9698 0.300778 -9.64809e-19 -1.24716 0.00293564 
99180 17.8632 0.301758 -1.02335e-18 -1.24463 0.00296217 
99181 17.7558 0.302749 -1.08599e-18 -1.24209 0.00298894 
99182 17.6474 0.303751 -1.15306e-18 -1.23954 0.00301594 
99183 17.5381 0.304764 -1.22491e-18 -1.23699 0.00304318 
99184 17.4277 0.305789 -1.30193e-18 -1.23443 0.00307066 
99185 17.3164 0.306826 -1.38454e-18 -1.23186 0.00309837 
99186 17.2041 0.307875 -1.4732e-18 -1.22929 0.00312631 
99187 17.0907 0.308936 -1.56842e-18 -1.2267 0.0031545 
99188 16.9763 0.31001 -1.67074e-18 -1.22412 0.00318292 
99189 16.8609 0.311097 -1.78076e-18 -1.22152 0.00321158 
99190 16.7443 0.312196 -1.89915e-18 -1.21892 0.00324047 
99191 16.6267 0.313309 -2.02662e-18 -1.21632 0.0032696 
99192 16.5079 0.314436 -2.16397e-18 -1.21371 0.00329897 
99193 16.388 0.315577 -2.31205e-18 -1.21109 0.00332858 
99194 16.2669 0.316731 -2.47184e-18 -1.20846 0.00335842 
99195 16.1446 0.317901 -2.64437e-18 -1.20583 0.0033885 
99196 16.0211 0.319085 -2.8308e-18 -1.20319 0.00341882 
99197 15.8964 0.320284 -3.03241e-18 -1.20054 0.00344938 
99198 15.7704 0.321499 -3.25059e-18 -1.19789 0.00348017 
99199 15.6432 0.32273 -3.48689e-18 -1.19523 0.00351121 
99200 15.5146 0.323977 -3.74302e-18 -1.19256 0.00354248 
99201 15.3847 0.32524 -4.02087e-18 -1.18989 0.00357399 
99202 15.2535 0.32652 -4.32253e-18 -1.18721 0.00360573 
99203 15.1208 0.327818 -4.65033e-18 -1.18452 0.00363772 
99204 14.9867 0.329134 -5.00682e-18 -1.18182 0.00366994 
99205 14.8512 0.330468 -5.39488e-18 -1.17912 0.00370241 
99206 14.7142 0.33182 -5.81767e-18 -1.1764 0.00373511 
99207 14.5757 0.333191 -6.27872e-18 -1.17368 0.00376805 
99208 14.4356 0.334582 -6.78197e-18 -1.17095 0.00380123 
99209 14.294 0.335993 -7.33181e-18 -1.16821 0.00383466 
99210 14.1507 0.337425 -7.93313e-18 -1.16546 0.00386832 
99211 14.0058 0.338878 -8.59141e-18 -1.16271 0.00390223 
99212 13.8592 0.340352 -9.31279e-18 -1.15994 0.00393638 
99213 13.7109 0.341848 -1.01041e-17 -1.15716 0.00397077 
99214 13.5608 0.343367 -1.09731e-17 -1.15437 0.00400541 
99215 13.4089 0.344909 -1.19284e-17 -1.15156 0.00404029 
99216 13.2552 0.346475 -1.29798e-17 -1.14875 0.00407542 
99217 13.0995 0.348066 -1.41383e-17 -1.14592 0.0041108 
99218 12.942 0.349682 -1.54161e-17 -1.14308 0.00414643 
99219 12.7824 0.351324 -1.68273e-17 -1.14023 0.00418231 
99220 12.6209 0.352992 -1.83878e-17 -1.13736 0.00421845 
99221 12.4572 0.354687 -2.01153e-17 -1.13448 0.00425484 
99222 12.2915 0.356411 -2.20302e-17 -1.13158 0.0042915 
99223 12.1235 0.358163 -2.41556e-17 -1.12867 0.00432842 
99224 11.9534 0.359945 -2.65178e-17 -1.12573 0.00436561 
99225 11.7809 0.361758 -2.91466e-17 -1.12278 0.00440307 
99226 11.6061 0.363602 -3.20761e-17 -1.11981 0.0044408 
99227 11.4289 0.365478 -3.53455e-17 -1.11682 0.00447882 
99228 11.2493 0.367387 -3.89994e-17 -1.11381 0.00451712 
99229 11.0671 0.36933 -4.3089e-17 -1.11078 0.00455572 
99230 10.8823 0.371309 -4.76733e-17 -1.10772 0.00459462 
99231 10.6949 0.373323 -5.282e-17 -1.10464 0.00463382 
99232 10.5048 0.375375 -5.86073e-17 -1.10154 0.00467334 
99233 10.3119 0.377465 -6.51253e-17 -1.09841 0.00471318 
99234 10.1161 0.379595 -7.24787e-17 -1.09525 0.00475336 
99235 9.91737 0.381766 -8.07884e-17 -1.09206 0.00479389 
99236 9.71564 0.383978 -9.01951e-17 -1.08884 0.00483477 
99237 9.51083 0.386234 -1.00863e-16 -1.08559 0.00487602 
99238 9.30284 0.388535 -1.12982e-16 -1.08231 0.00491766 
99239 9.09161 0.390881 -1.26776e-16 -1.07899 0.0049597 
99240 8.87703 0.393275 -1.42506e-16 -1.07564 0.00500215 
99241 8.65902 0.395718 -1.6048e-16 -1.07226 0.00504504 
99242 8.4375 0.398212 -1.81057e-16 -1.06883 0.00508839 
99243 8.21237 0.400758 -2.04663e-16 -1.06536 0.00513222 
99244 7.98352 0.403357 -2.318e-16 -1.06186 0.00517655 
99245 7.75088 0.406013 -2.63063e-16 -1.05831 0.0052214 
99246 7.51432 0.408725 -2.99158e-16 -1.05471 0.00526681 
99247 7.27376 0.411498 -3.40924e-16 -1.05107 0.0053128 
99248 7.02908 0.414331 -3.89364e-16 -1.04739 0.00535942 
99249 6.78018 0.417228 -4.45674e-16 -1.04366 0.00540668 
99250 6.52695 0.42019 -5.1129e-16 -1.03988 0.00545463 
99251 6.26927 0.42322 -5.87935e-16 -1.03605 0.00550332 
99252 6.00702 0.42632 -6.77687e-16 -1.03216 0.00555277 
99253 5.74009 0.429492 -7.83055e-16 -1.02823 0.00560305 
99254 5.46837 0.432739 -9.07078e-16 -1.02424 0.00565419 
99255 5.19171 0.436063 -1.05345e-15 -1.0202 0.00570626 
99256 4.91001 0.439467 -1.22665e-15 -1.01611 0.0057593 
99257 4.62314 0.442953 -1.43219e-15 -1.01196 0.00581338 
99258 4.33095 0.446525 -1.67678e-15 -1.00775 0.00586856 
99259 4.03333 0.450184 -1.96868e-15 -1.00349 0.00592491 
99260 3.73014 0.453935 -2.31806e-15 -0.999169 0.00598249 
99261 3.42124 0.457781 -2.73752e-15 -0.994791 0.0060414 
99262 3.10649 0.461723 -3.24264e-15 -0.990353 0.00610169 
99263 2.78575 0.465767 -3.85283e-15 -0.985853 0.00616346 
99264 2.45887 0.469914 -4.59228e-15 -0.98129 0.00622678 
99265 2.1257 0.474169 -5.49132e-15 -0.976659 0.00629176 
99266 1.78608 0.478536 -6.58804e-15 -0.971958 0.00635848 
99267 1.43985 0.483018 -7.93045e-15 -0.96718 0.00642703 
99268 1.08684 0.487619 -9.57935e-15 -0.962318 0.00649752 
99269 0.726866 0.492343 -1.1612e-14 -0.957365 0.00657003 
99270 0.359735 0.497195 -1.41268e-14 -0.952309 0.00664469 
99271 -0.0147596 0.502179 -1.725e-14 -0.947137 0.00672158 
99272 -0.396841 0.5073 -2.11439e-14 -0.941832 0.00680081 
99273 -0.786752 0.512563 -2.60182e-14 -0.936376 0.00688249 
99274 -1.18476 0.517973 -3.21451e-14 -0.930745 0.0069667 
99275 -1.59116 0.523536 -3.98797e-14 -0.924913 0.00705356 
99276 -2.00627 0.529258 -4.96876e-14 -0.918848 0.00714315 
99277 -2.43046 0.535146 -6.21827e-14 -0.912515 0.00723557 
99278 -2.86412 0.541206 -7.81789e-14 -0.905874 0.00733089 
99279 -3.30769 0.547447 -9.87618e-14 -0.898881 0.00742918 
99280 -3.76168 0.553876 -1.25388e-13 -0.891487 0.0075305 
99281 -4.22663 0.560503 -1.60027e-13 -0.883637 0.00763487 
99282 -4.70314 0.567339 -2.05356e-13 -0.875273 0.0077423 
99283 -5.19189 0.574393 -2.65045e-13 -0.866332 0.00785276 
99284 -5.69363 0.581677 -3.44162e-13 -0.856747 0.00796616 
99285 -6.20916 0.589206 -4.49761e-13 -0.846447 0.00808236 
99286 -6.73938 0.596994 -5.91745e-13 -0.835357 0.00820113 
99287 -7.28528 0.605056 -7.84138e-13 -0.8234 0.00832213 
99288 -7.8479 0.613411 -1.04699e-12 -0.810497 0.00844487 
99289 -8.42842 0.622077 -1.40921e-12 -0.796568 0.0085687 
99290 -9.02807 0.631075 -1.91299e-12 -0.781532 0.00869273 
99291 -9.6482 0.64043 -2.62041e-12 -0.765311 0.00881579 
99292 -10.2902 0.650165 -3.62398e-12 -0.74783 0.00893638 
99293 -10.9557 0.660309 -5.06298e-12 -0.729021 0.00905257 
99294 -11.6463 0.670891 -7.14959e-12 -0.708821 0.00916193 
99295 -12.3636 0.681943 -1.02111e-11 -0.687185 0.0092615 
99296 -13.1094 0.6935 -1.47582e-11 -0.664078 0.0093477 
99297 -13.8856 0.705599 -2.15985e-11 -0.639489 0.00941628 
99298 -14.694 0.718278 -3.20251e-11 -0.613429 0.00946242 
99299 -15.5367 0.731581 -4.81354e-11 -0.585939 0.00948074 
99300 -16.4154 0.74555 -7.33763e-11 -0.557095 0.00946553 
99301 -17.3322 0.76023 -1.13486e-10 -0.527009 0.00941104 
99302 -18.289 0.775669 -1.78138e-10 -0.495832 0.00931188 
99303 -19.2875 0.791912 -2.83848e-10 -0.463759 0.00916356 
99304 -20.3297 0.809008 -4.59145e-10 -0.431023 0.008963 
99305 -21.4171 0.827 -7.53869e-10 -0.397895 0.00870909 
99306 -22.5514 0.845932 -1.25598e-09 -0.364677 0.00840306 
99307 -23.7342 0.865843 -2.12215e-09 -0.331692 0.00804865 
99308 -24.9669 0.886764 -3.63353e-09 -0.299276 0.00765196 
99309 -26.2512 0.90872 -6.2976e-09 -0.267761 0.007221 
99310 -27.5885 0.931724 -1.10336e-08 -0.237467 0.00676501 
99311 -28.9807 0.955774 -1.95079e-08 -0.208682 0.00629371 
99312 -30.4297 0.980852 -3.47337e-08 -0.181659 0.00581648 
99313 -31.9379 1.00691 -6.21212e-08 -0.156601 0.0053418 
99314 -33.5081 1.03389 -1.11265e-07 -0.133655 0.00487682 
99315 -35.144 1.06166 -1.9884e-07 -0.112914 0.00442718 
99316 -36.85 1.09008 -3.52953e-07 -0.0944131 0.003997 
99317 -38.6314 1.11892 -6.18817e-07 -0.0781356 0.00358904 
99318 -40.4947 1.14787 -1.05826e-06 -0.0640203 0.00320488 
99319 -42.4476 1.1765 -1.67695e-06 -0.0519681 0.00284517 
99320 -44.4987 1.20424 -2.50933e-06 -0.0418505 0.00250988 
99321 -46.6575 1.23031 -3.56247e-06 -0.0335124 0.00219853 
99322 -48.9332 1.25364 -4.75786e-06 -0.0267639 0.0019104 
99323 -51.3332 1.27284 -5.88345e-06 -0.02136 0.00164473 
99324 -53.8605 1.28606 -6.58951e-06 -0.0169994 0.00140089 
99325 -56.5092 1.291 -6.51992e-06 -0.0133992 0.0011786 
99326 -59.2591 1.28495 -5.59024e-06 -0.0103937 0.000977936 
99327 -62.07 1.26506 -4.15664e-06 -0.00792816 0.000799351 
99328 -64.8807 1.22883 -2.76934e-06 -0.0059797 0.000643356 
99329 -67.6137 1.17489 -1.75709e-06 -0.00450351 0.000510035 
99330 -70.1884 1.1038 -1.13686e-06 -0.00342629 0.00039859 
99331 -72.5365 1.01847 -7.90161e-07 -0.00266186 0.000307269 
99332 -74.6136 0.92384 -6.03873e-07 -0.00212854 0.00023373 
99333 -76.4031 0.825876 -5.06195e-07 -0.00175917 0.000175515 
99334 -77.912 0.730193 -4.57741e-07 -0.00150349 0.000130264 
99335 -79.1639 0.641074 -4.38094e-07 -0.00132602 9.57522e-05 
99336 -80.1906 0.561112 -4.36936e-07 -0.00120252 6.98975e-05 
99337 -81.026 0.491371 -4.49081e-07 -0.00111664 5.08201e-05 
99338 -81.7019 0.431814 -4.71897e-07 -0.00105744 3.69066e-05 
99339 -82.2466 0.381728 -5.04018e-07 -0.00101747 2.68391e-05 
99340 -82.6842 0.340066 -5.44695e-07 -0.000991649 1.95858e-05 
99341 -83.0347 0.305664 -5.9347e-07 -0.000976407 1.43655e-05 
99342 -83.3149 0.277375 -6.49978e-07 -0.000969186 1.06013e-05 
99343 -83.5385 0.254145 -7.13852e-07 -0.000968112 7.87558e-06 
99344 -83.7166 0.235044 -7.84658e-07 -0.000971777 5.89016e-06 
99345 -83.8585 0.219275 -8.6188e-07 -0.000979106 4.4337e-06 
99346 -83.9716 0.206175 -9.44917e-07 -0.000989267 3.35716e-06 
99347 -84.0619 0.195196 -1.0331e-06 -0.00100161 2.55539e-06 
99348 -84.1341 0.185899 -1.12571e-06 -0.00101561 1.95398e-06 
99349 -84.192 0.177932 -1.22201e-06 -0.00103087 1.49992e-06 
99350 -84.2388 0.171014 -1.32126e-06 -0.00104706 1.15516e-06 
99351 -84.2767 0.164926 -1.42277e-06 -0.00106394 8.92116e-07 
99352 -84.3077 0.159497 -1.52586e-06 -0.00108129 6.90624e-07 
99353 -84.3333 0.154593 -1.62993e-06 -0.00109896 5.35779e-07 
99354 -84.3546 0.150109 -1.73441e-06 -0.00111682 4.16475e-07 
99355 -84.3726 0.145964 -1.83881e-06 -0.00113478 3.24369e-07 
99356 -84.3879 0.142095 -1.94272e-06 -0.00115276 2.53151e-07 
99357 -84.4012 0.138454 -2.04576e-06 -0.00117069 1.98018e-07 
99358 -84.4129 0.135003 -2.14765e-06 -0.00118853 1.55302e-07 
99359 -84.4233 0.131712 -2.24811e-06 -0.00120624 1.22184e-07 
99360 -84.4327 0.128557 -2.34696e-06 -0.00122381 9.6495e-08 
99361 -84.4413 0.125522 -2.44403e-06 -0.0012412 7.65628e-08 
99362 -84.4493 0.122591 -2.5392e-06 -0.00125841 6.10933e-08 
99363 -84.4568 0.119753 -2.63239e-06 -0.00127542 4.90851e-08 
99364 -84.464 0.116999 -2.72353e-06 -0.00129223 3.97623e-08 
99365 -84.4708 0.114322 -2.81259e-06 -0.00130883 3.25233e-08 
99366 -84.4774 0.111717 -2.89955e-06 -0.00132522 2.69014e-08 
99367 -84.4838 0.109178 -2.9844e-06 -0.00134141 2.25343e-08 
99368 -84.4901 0.106702 -3.06715e-06 -0.00135739 1.91409e-08 
99369 -84.4963 0.104286 -3.14783e-06 -0.00137316 1.65031e-08 
99370 -84.5024 0.101926 -3.22647e-06 -0.00138873 1.44514e-08 
99371 -84.5084 0.0996204 -3.3031e-06 -0.00140409 1.28544e-08 
99372 -84.5144 0.0973675 -3.37775e-06 -0.00141927 1.161e-08 
99373 -84.5204 0.0951652 -3.45049e-06 -0.00143425 1.06391e-08 
99374 -84.5263 0.0930121 -3.52134e-06 -0.00144904 9.88025e-09 
99375 -84.5322 0.0909067 -3.59035e-06 -0.00146365 9.28572e-09 
99376 -84.5381 0.0888476 -3.65758e-06 -0.00147807 8.81859e-09 
99377 -84.544 0.0868338 -3.72307e-06 -0.00149233 8.45017e-09 
99378 -84.5498 0.0848642 -3.78687e-06 -0.00150641 8.15823e-09 
99379 -84.5557 0.0829376 -3.84903e-06 -0.00152033 7.92554e-09 
99380 -84.5616 0.0810531 -3.90959e-06 -0.00153408 7.73875e-09 
99381 -84.5674 0.0792098 -3.96859e-06 -0.00154768 7.58749e-09 
99382 -84.5733 0.0774068 -4.02609e-06 -0.00156112 7.46376e-09 
99383 -84.5791 0.0756432 -4.08212e-06 -0.00157441 7.36133e-09 
99384 -84.585 0.0739181 -4.13673e-06 -0.00158755 7.27539e-09 
99385 -84.5909 0.0722309 -4.18995e-06 -0.00160055 7.20222e-09 
99386 -84.5967 0.0705806 -4.24182e-06 -0.00161342 7.13895e-09 
99387 -84.6026 0.0689666 -4.29238e-06 -0.00162614 7.08332e-09 
99388 -84.6084 0.067388 -4.34167e-06 -0.00163874 7.03363e-09 
99389 -84.6143 0.0658442 -4.38972e-06 -0.0016512 6.98853e-09 
99390 -84.6201 0.0643344 -4.43656e-06 -0.00166354 6.947e-09 
99391 -84.626 0.062858 -4.48222e-06 -0.00167575 6.90824e-09 
99392 -84.6318 0.0614142 -4.52675e-06 -0.00168785 6.87163e-09 
99393 -84.6377 0.0600023 -4.57015e-06 -0.00169983 6.8367e-09 
99394 -84.6435 0.0586218 -4.61247e-06 -0.00171169 6.80308e-09 
99395 -84.6493 0.057272 -4.65374e-06 -0.00172344 6.7705e-09 
99396 -84.6551 0.0559522 -4.69397e-06 -0.00173508 6.73873e-09 
99397 -84.661 0.0546619 -4.73319e-06 -0.00174661 6.70761e-09 
99398 -84.6668 0.0534003 -4.77144e-06 -0.00175804 6.67702e-09 
99399 -84.6726 0.052167 -4.80872e-06 -0.00176936 6.64685e-09 
99400 -84.6783 0.0509612 -4.84507e-06 -0.00178059 6.61703e-09 
99401 -84.6841 0.0497826 -4.88051e-06 -0.00179172 6.5875e-09 
99402 -84.6899 0.0486304 -4.91506e-06 -0.00180274 6.55823e-09 
99403 -84.6956 0.0475041 -4.94875e-06 -0.00181368 6.52918e-09 
99404 -84.7014 0.0464033 -4.98158e-06 -0.00182452 6.50032e-09 
99405 -84.7071 0.0453272 -5.01358e-06 -0.00183527 6.47164e-09 
99406 -84.7128 0.0442755 -5.04478e-06 -0.00184593 6.44313e-09 
99407 -84.7185 0.0432476 -5.07519e-06 -0.00185651 6.41478e-09 
99408 -84.7242 0.042243 -5.10482e-06 -0.00186699 6.38657e-09 
99409 -84.7298 0.0412612 -5.1337e-06 -0.0018774 6.35852e-09 
99410 -84.7355 0.0403017 -5.16185e-06 -0.00188772 6.3306e-09 
99411 -84.7411 0.0393641 -5.18927e-06 -0.00189796 6.30283e-09 
99412 -84.7467 0.0384478 -5.21599e-06 -0.00190812 6.2752e-09 
99413 -84.7523 0.0375525 -5.24203e-06 -0.0019182 6.24772e-09 
99414 -84.7579 0.0366775 -5.26739e-06 -0.0019282 6.22037e-09 
99415 -84.7634 0.0358226 -5.2921e-06 -0.00193813 6.19317e-09 
99416 -84.7689 0.0349873 -5.31617e-06 -0.00194798 6.16612e-09 
99417 -84.7744 0.0341712 -5.33962e-06 -0.00195776 6.13921e-09 
99418 -84.7799 0.0333737 -5.36245e-06 -0.00196746 6.11246e-09 
99419 -84.7854 0.0325946 -5.38468e-06 -0.0019771 6.08585e-09 
99420 -84.7908 0.0318334 -5.40633e-06 -0.00198666 6.05939e-09 
99421 -84.7962 0.0310898 -5.42741e-06 -0.00199615 6.03309e-09 
99422 -84.8016 0.0303633 -5.44794e-06 -0.00200558 6.00694e-09 
99423 -84.807 0.0296536 -5.46792e-06 -0.00201494 5.98095e-09 
99424 -84.8123 0.0289602 -5.48736e-06 -0.00202423 5.95512e-09 
99425 -84.8177 0.0282829 -5.50629e-06 -0.00203346 5.92945e-09 
99426 -84.823 0.0276213 -5.52471e-06 -0.00204262 5.90393e-09 
99427 -84.8282 0.026975 -5.54264e-06 -0.00205172 5.87858e-09 
99428 -84.8335 0.0263437 -5.56008e-06 -0.00206076 5.8534e-09 
99429 -84.8387 0.025727 -5.57705e-06 -0.00206973 5.82837e-09 
99430 -84.8439 0.0251247 -5.59355e-06 -0.00207865 5.80352e-09 
99431 -84.849 0.0245364 -5.60961e-06 -0.0020875 5.77883e-09 
99432 -84.8542 0.0239618 -5.62522e-06 -0.00209629 5.75431e-09 
99433 -84.8593 0.0234005 -5.64041e-06 -0.00210503 5.72995e-09 
99434 -84.8643 0.0228523 -5.65517e-06 -0.0021137 5.70577e-09 
99435 -84.8694 0.0223169 -5.66953e-06 -0.00212232 5.68175e-09 
99436 -84.8744 0.021794 -5.68348e-06 -0.00213088 5.65791e-09 
99437 -84.8794 0.0212833 -5.69704e-06 -0.00213939 5.63423e-09 
99438 -84.8844 0.0207846 -5.71022e-06 -0.00214784 5.61073e-09 
99439 -84.8893 0.0202975 -5.72303e-06 -0.00215624 5.5874e-09 
99440 -84.8942 0.0198218 -5.73548e-06 -0.00216458 5.56424e-09 
99441 -84.8991 0.0193572 -5.74757e-06 -0.00217287 5.54125e-09 
99442 -84.9039 0.0189036 -5.75931e-06 -0.00218111 5.51844e-09 
99443 -84.9088 0.0184605 -5.77071e-06 -0.00218929 5.4958e-09 
99444 -84.9135 0.0180279 -5.78179e-06 -0.00219742 5.47333e-09 
99445 -84.9183 0.0176053 -5.79254e-06 -0.0022055 5.45104e-09 
99446 -84.923 0.0171928 -5.80298e-06 -0.00221354 5.42891e-09 
99447 -84.9277 0.0167899 -5.81311e-06 -0.00222152 5.40697e-09 
99448 -84.9324 0.0163964 -5.82294e-06 -0.00222945 5.38519e-09 
99449 -84.937 0.0160122 -5.83248e-06 -0.00223733 5.36359e-09 
99450 -84.9416 0.0156371 -5.84173e-06 -0.00224516 5.34215e-09 
99451 -84.9462 0.0152707 -5.8507e-06 -0.00225295 5.3209e-09 
99452 -84.9507 0.014913 -5.85941e-06 -0.00226069 5.29981e-09 
99453 -84.9553 0.0145637 -5.86785e-06 -0.00226838 5.27889e-09 
99454 -84.9597 0.0142227 -5.87602e-06 -0.00227602 5.25815e-09 
99455 -84.9642 0.0138896 -5.88395e-06 -0.00228362 5.23757e-09 
99456 -84.9686 0.0135644 -5.89163e-06 -0.00229117 5.21717e-09 
99457 -84.973 0.0132469 -5.89908e-06 -0.00229868 5.19694e-09 
99458 -84.9774 0.0129369 -5.90628e-06 -0.00230614 5.17687e-09 
99459 -84.9817 0.0126342 -5.91326e-06 -0.00231356 5.15698e-09 
99460 -84.986 0.0123386 -5.92002e-06 -0.00232094 5.13725e-09 
99461 -84.9902 0.0120499 -5.92656e-06 -0.00232827 5.11769e-09 
99462 -84.9945 0.0117681 -5.93289e-06 -0.00233556 5.0983e-09 
99463 -84.9987 0.011493 -5.93901e-06 -0.0023428 5.07907e-09 
99464 -85.0029 0.0112243 -5.94493e-06 -0.00235001 5.06001e-09 
99465 -85.007 0.010962 -5.95065e-06 -0.00235717 5.04111e-09 
99466 -85.0111 0.0107058 -5.95618e-06 -0.00236429 5.02238e-09 
99467 -85.0152 0.0104558 -5.96153e-06 -0.00237136 5.00381e-09 
99468 -85.0192 0.0102116 -5.96669e-06 -0.0023784 4.9854e-09 
99469 -85.0232 0.00997315 -5.97168e-06 -0.0023854 4.96716e-09 
99470 -85.0272 0.00974037 -5.97649e-06 -0.00239235 4.94907e-09 
99471 -85.0312 0.00951307 -5.98113e-06 -0.00239927 4.93115e-09 
99472 -85.0351 0.00929115 -5.98561e-06 -0.00240615 4.91338e-09 
99473 -85.039 0.00907447 -5.98993e-06 -0.00241299 4.89577e-09 
99474 -85.0429 0.0088629 -5.99409e-06 -0.00241979 4.87832e-09 
99475 -85.0467 0.00865633 -5.9981e-06 -0.00242655 4.86103e-09 
99476 -85.0505 0.00845464 -6.00196e-06 -0.00243327 4.84389e-09 
99477 -85.0543 0.00825771 -6.00568e-06 -0.00243995 4.8269e-09 
99478 -85.058 0.00806544 -6.00925e-06 -0.0024466 4.81007e-09 
99479 -85.0618 0.0078777 -6.01269e-06 -0.00245321 4.79339e-09 
99480 -85.0655 0.00769439 -6.01599e-06 -0.00245978 4.77686e-09 
99481 -85.0691 0.00751541 -6.01916e-06 -0.00246632 4.76049e-09 
99482 -85.0727 0.00734066 -6.02221e-06 -0.00247282 4.74426e-09 
99483 -85.0763 0.00717003 -6.02513e-06 -0.00247929 4.72818e-09 
99484 -85.0799 0.00700343 -6.02793e-06 -0.00248571 4.71224e-09 
99485 -85.0835 0.00684076 -6.03061e-06 -0.00249211 4.69645e-09 
99486 -85.087 0.00668193 -6.03317e-06 -0.00249846 4.68081e-09 
99487 -85.0905 0.00652685 -6.03563e-06 -0.00250479 4.66531e-09 
99488 -85.0939 0.00637543 -6.03797e-06 -0.00251107 4.64996e-09 
99489 -85.0973 0.00622757 -6.04021e-06 -0.00251733 4.63474e-09 
99490 -85.1007 0.00608321 -6.04235e-06 -0.00252354 4.61967e-09 
99491 -85.1041 0.00594224 -6.04438e-06 -0.00252973 4.60474e-09 
99492 -85.1075 0.0058046 -6.04632e-06 -0.00253588 4.58994e-09 
99493 -85.1108 0.00567021 -6.04816e-06 -0.002542 4.57529e-09 
99494 -85.1141 0.00553898 -6.0499e-06 -0.00254808 4.56077e-09 
99495 -85.1173 0.00541084 -6.05156e-06 -0.00255414 4.54638e-09 
99496 -85.1206 0.00528572 -6.05312e-06 -0.00256015 4.53213e-09 
99497 -85.1238 0.00516355 -6.0546e-06 -0.00256614 4.51801e-09 
99498 -85.1269 0.00504426 -6.056e-06 -0.00257209 4.50403e-09 
99499 -85.1301 0.00492777 -6.05731e-06 -0.00257802 4.49017e-09 
99500 -85.1332 0.00481402 -6.05855e-06 -0.00258391 4.47645e-09 
99501 -85.1363 0.00470295 -6.0597e-06 -0.00258977 4.46285e-09 
99502 -85.1394 0.00459449 -6.06078e-06 -0.00259559 4.44938e-09 
99503 -85.1424 0.00448859 -6.06179e-06 -0.00260139 4.43604e-09 
99504 -85.1455 0.00438517 -6.06273e-06 -0.00260715 4.42282e-09 
99505 -85.1485 0.00428418 -6.06359e-06 -0.00261289 4.40973e-09 
99506 -85.1514 0.00418557 -6.06439e-06 -0.00261859 4.39676e-09 
99507 -85.1544 0.00408927 -6.06512e-06 -0.00262427 4.38392e-09 
99508 -85.1573 0.00399523 -6.06579e-06 -0.00262991 4.37119e-09 
99509 -85.1602 0.0039034 -6.06639e-06 -0.00263553 4.35859e-09 
99510 -85.1631 0.00381373 -6.06693e-06 -0.00264111 4.3461e-09 
99511 -85.1659 0.00372616 -6.06742e-06 -0.00264666 4.33373e-09 
99512 -85.1688 0.00364064 -6.06784e-06 -0.00265219 4.32148e-09 
99513 -85.1716 0.00355713 -6.06821e-06 -0.00265769 4.30934e-09 
99514 -85.1743 0.00347558 -6.06852e-06 -0.00266315 4.29732e-09 
99515 -85.1771 0.00339593 -6.06878e-06 -0.00266859 4.28542e-09 
99516 -85.1798 0.00331816 -6.06899e-06 -0.002674 4.27362e-09 
99517 -85.1825 0.0032422 -6.06915e-06 -0.00267938 4.26194e-09 
99518 -85.1852 0.00316802 -6.06926e-06 -0.00268474 4.25037e-09 
99519 -85.1878 0.00309558 -6.06932e-06 -0.00269006 4.23891e-09 
99520 -85.1905 0.00302483 -6.06933e-06 -0.00269536 4.22755e-09 
99521 -85.1931 0.00295574 -6.0693e-06 -0.00270063 4.21631e-09 
99522 -85.1957 0.00288826 -6.06923e-06 -0.00270588 4.20517e-09 
99523 -85.1982 0.00282236 -6.06911e-06 -0.00271109 4.19413e-09 
99524 -85.2008 0.002758 -6.06895e-06 -0.00271628 4.1832e-09 
99525 -85.2033 0.00269514 -6.06875e-06 -0.00272144 4.17238e-09 
99526 -85.2058 0.00263374 -6.06851e-06 -0.00272658 4.16165e-09 
99527 -85.2083 0.00257378 -6.06823e-06 -0.00273168 4.15103e-09 
99528 -85.2108 0.00251522 -6.06792e-06 -0.00273677 4.14051e-09 
99529 -85.2132 0.00245803 -6.06757e-06 -0.00274182 4.13009e-09 
99530 -85.2156 0.00240217 -6.06718e-06 -0.00274685 4.11977e-09 
99531 -85.218 0.00234761 -6.06676e-06 -0.00275185 4.10954e-09 
99532 -85.2204 0.00229432 -6.0663e-06 -0.00275683 4.09941e-09 
99533 -85.2227 0.00224227 -6.06582e-06 -0.00276178 4.08938e-09 
99534 -85.2251 0.00219143 -6.0653e-06 -0.00276671 4.07944e-09 
99535 -85.2274 0.00214177 -6.06475e-06 -0.00277161 4.0696e-09 
99536 -85.2297 0.00209327 -6.06418e-06 -0.00277649 4.05985e-09 
99537 -85.2319 0.0020459 -6.06357e-06 -0.00278134 4.05019e-09 
99538 -85.2342 0.00199963 -6.06293e-06 -0.00278617 4.04062e-09 
99539 -85.2364 0.00195443 -6.06227e-06 -0.00279097 4.03115e-09 
99540 -85.2386 0.00191028 -6.06159e-06 -0.00279575 4.02176e-09 
99541 -85.2408 0.00186716 -6.06087e-06 -0.0028005 4.01246e-09 
99542 -85.243 0.00182504 -6.06014e-06 -0.00280523 4.00325e-09 
99543 -85.2451 0.00178389 -6.05937e-06 -0.00280993 3.99413e-09 
99544 -85.2473 0.0017437 -6.05859e-06 -0.00281461 3.98509e-09 
99545 -85.2494 0.00170444 -6.05778e-06 -0.00281927 3.97614e-09 
99546 -85.2515 0.00166609 -6.05695e-06 -0.0028239 3.96727e-09 
99547 -85.2536 0.00162862 -6.0561e-06 -0.00282851 3.95848e-09 
99548 -85.2556 0.00159203 -6.05523e-06 -0.0028331 3.94978e-09 
99549 -85.2577 0.00155628 -6.05434e-06 -0.00283766 3.94116e-09 
99550 -85.2597 0.00152136 -6.05343e-06 -0.0028422 3.93262e-09 
99551 -85.2617 0.00148724 -6.0525e-06 -0.00284671 3.92416e-09 
99552 -85.2637 0.00145392 -6.05155e-06 -0.00285121 3.91578e-09 
99553 -85.2657 0.00142136 -6.05059e-06 -0.00285568 3.90748e-09 
99554 -85.2676 0.00138955 -6.04961e-06 -0.00286013 3.89926e-09 
99555 -85.2696 0.00135848 -6.04861e-06 -0.00286455 3.89111e-09 
99556 -85.2715 0.00132813 -6.0476e-06 -0.00286895 3.88304e-09 
99557 -85.2734 0.00129847 -6.04657e-06 -0.00287333 3.87505e-09 
99558 -85.2753 0.0012695 -6.04552e-06 -0.00287769 3.86713e-09 
99559 -85.2772 0.0012412 -6.04447e-06 -0.00288203 3.85928e-09 
99560 -85.279 0.00121355 -6.04339e-06 -0.00288634 3.85151e-09 
99561 -85.2809 0.00118654 -6.04231e-06 -0.00289064 3.84381e-09 
99562 -85.2827 0.00116015 -6.04121e-06 -0.00289491 3.83618e-09 
99563 -85.2845 0.00113436 -6.0401e-06 -0.00289916 3.82862e-09 
99564 -85.2863 0.00110917 -6.03898e-06 -0.00290339 3.82114e-09 
99565 -85.2881 0.00108456 -6.03784e-06 -0.0029076 3.81372e-09 
99566 -85.2898 0.00106051 -6.0367e-06 -0.00291178 3.80637e-09 
99567 -85.2916 0.00103701 -6.03554e-06 -0.00291595 3.79909e-09 
99568 -85.2933 0.00101406 -6.03438e-06 -0.00292009 3.79188e-09 
99569 -85.295 0.00099163 -6.0332e-06 -0.00292421 3.78473e-09 
99570 -85.2967 0.000969717 -6.03202e-06 -0.00292832 3.77765e-09 
99571 -85.2984 0.000948305 -6.03082e-06 -0.0029324 3.77064e-09 
99572 -85.3001 0.000927385 -6.02962e-06 -0.00293646 3.76369e-09 
99573 -85.3017 0.000906944 -6.02841e-06 -0.0029405 3.7568e-09 
99574 -85.3034 0.000886972 -6.02719e-06 -0.00294452 3.74998e-09 
99575 -85.305 0.000867456 -6.02596e-06 -0.00294852 3.74322e-09 
99576 -85.3066 0.000848388 -6.02473e-06 -0.0029525 3.73653e-09 
99577 -85.3082 0.000829756 -6.02349e-06 -0.00295646 3.72989e-09 
99578 -85.3098 0.000811549 -6.02224e-06 -0.00296041 3.72332e-09 
99579 -85.3114 0.000793759 -6.02099e-06 -0.00296433 3.71681e-09 
99580 -85.3129 0.000776376 -6.01973e-06 -0.00296823 3.71036e-09 
99581 -85.3145 0.00075939 -6.01846e-06 -0.00297211 3.70396e-09 
99582 -85.316 0.000742792 -6.01719e-06 -0.00297597 3.69763e-09 
99583 -85.3175 0.000726572 -6.01591e-06 -0.00297982 3.69135e-09 
99584 -85.319 0.000710723 -6.01463e-06 -0.00298364 3.68513e-09 
99585 -85.3205 0.000695235 -6.01334e-06 -0.00298745 3.67897e-09 
99586 -85.322 0.0006801 -6.01205e-06 -0.00299123 3.67286e-09 
99587 -85.3235 0.00066531 -6.01075e-06 -0.002995 3.66681e-09 
99588 -85.3249 0.000650857 -6.00945e-06 -0.00299875 3.66081e-09 
99589 -85.3264 0.000636734 -6.00815e-06 -0.00300248 3.65487e-09 
99590 -85.3278 0.000622931 -6.00684e-06 -0.00300619 3.64898e-09 
99591 -85.3292 0.000609443 -6.00553e-06 -0.00300988 3.64315e-09 
99592 -85.3306 0.000596262 -6.00422e-06 -0.00301356 3.63737e-09 
99593 -85.332 0.000583381 -6.0029e-06 -0.00301722 3.63164e-09 
99594 -85.3334 0.000570792 -6.00159e-06 -0.00302085 3.62597e-09 
99595 -85.3348 0.000558489 -6.00027e-06 -0.00302447 3.62034e-09 
99596 -85.3361 0.000546466 -5.99894e-06 -0.00302808 3.61477e-09 
99597 -85.3375 0.000534716 -5.99762e-06 -0.00303166 3.60924e-09 
99598 -85.3388 0.000523232 -5.99629e-06 -0.00303523 3.60377e-09 
99599 -85.3401 0.000512009 -5.99496e-06 -0.00303877 3.59835e-09 
99600 -85.3414 0.00050104 -5.99363e-06 -0.00304231 3.59297e-09 
99601 -85.3427 0.00049032 -5.9923e-06 -0.00304582 3.58764e-09 
99602 -85.344 0.000479843 -5.99097e-06 -0.00304932 3.58236e-09 
99603 -85.3453 0.000469604 -5.98964e-06 -0.00305279 3.57713e-09 
99604 -85.3466 0.000459596 -5.9883e-06 -0.00305626 3.57195e-09 
99605 -85.3478 0.000449815 -5.98697e-06 -0.0030597 3.56681e-09 
99606 -85.3491 0.000440255 -5.98563e-06 -0.00306313 3.56172e-09 
99607 -85.3503 0.000430911 -5.9843e-06 -0.00306654 3.55667e-09 
99608 -85.3515 0.000421779 -5.98296e-06 -0.00306993 3.55167e-09 
99609 -85.3527 0.000412853 -5.98163e-06 -0.00307331 3.54671e-09 
99610 -85.3539 0.000404129 -5.98029e-06 -0.00307667 3.5418e-09 
99611 -85.3551 0.000395602 -5.97896e-06 -0.00308001 3.53693e-09 
99612 -85.3563 0.000387267 -5.97762e-06 -0.00308334 3.5321e-09 
99613 -85.3575 0.000379121 -5.97629e-06 -0.00308665 3.52732e-09 
99614 -85.3586 0.000371158 -5.97496e-06 -0.00308994 3.52258e-09 
99615 -85.3598 0.000363375 -5.97363e-06 -0.00309322 3.51788e-09 
99616 -85.3609 0.000355767 -5.97229e-06 -0.00309648 3.51322e-09 
99617 -85.3621 0.000348331 -5.97096e-06 -0.00309972 3.50861e-09 
99618 -85.3632 0.000341063 -5.96964e-06 -0.00310295 3.50403e-09 
99619 -85.3643 0.000333958 -5.96831e-06 -0.00310617 3.4995e-09 
99620 -85.3654 0.000327013 -5.96698e-06 -0.00310936 3.495e-09 
99621 -85.3665 0.000320224 -5.96566e-06 -0.00311254 3.49055e-09 
99622 -85.3676 0.000313588 -5.96433e-06 -0.00311571 3.48613e-09 
99623 -85.3687 0.000307102 -5.96301e-06 -0.00311886 3.48176e-09 
99624 -85.3697 0.000300761 -5.96169e-06 -0.00312199 3.47742e-09 
99625 -85.3708 0.000294563 -5.96037e-06 -0.00312511 3.47312e-09 
99626 -85.3719 0.000288504 -5.95906e-06 -0.00312822 3.46885e-09 
99627 -85.3729 0.000282581 -5.95775e-06 -0.00313131 3.46463e-09 
99628 -85.3739 0.000276791 -5.95643e-06 -0.00313438 3.46044e-09 
99629 -85.375 0.000271131 -5.95512e-06 -0.00313744 3.45629e-09 
99630 -85.376 0.000265598 -5.95382e-06 -0.00314048 3.45217e-09 
99631 -85.377 0.000260189 -5.95251e-06 -0.00314351 3.44809e-09 
99632 -85.378 0.000254901 -5.95121e-06 -0.00314652 3.44405e-09 
99633 -85.379 0.000249732 -5.94991e-06 -0.00314952 3.44004e-09 
99634 -85.3799 0.000244679 -5.94861e-06 -0.0031525 3.43606e-09 
99635 -85.3809 0.000239739 -5.94732e-06 -0.00315547 3.43212e-09 
99636 -85.3819 0.00023491 -5.94603e-06 -0.00315842 3.42822e-09 
99637 -85.3828 0.000230188 -5.94474e-06 -0.00316136 3.42435e-09 
99638 -85.3838 0.000225573 -5.94345e-06 -0.00316429 3.42051e-09 
99639 -85.3847 0.00022106 -5.94217e-06 -0.0031672 3.4167e-09 
99640 -85.3857 0.000216649 -5.94089e-06 -0.00317009 3.41293e-09 
99641 -85.3866 0.000212336 -5.93962e-06 -0.00317297 3.40919e-09 
99642 -85.3875 0.000208119 -5.93834e-06 -0.00317584 3.40548e-09 
99643 -85.3884 0.000203997 -5.93707e-06 -0.00317869 3.4018e-09 
99644 -85.3893 0.000199967 -5.93581e-06 -0.00318153 3.39816e-09 
99645 -85.3902 0.000196026 -5.93454e-06 -0.00318436 3.39454e-09 
99646 -85.3911 0.000192174 -5.93328e-06 -0.00318717 3.39096e-09 
99647 -85.392 0.000188408 -5.93202e-06 -0.00318997 3.38741e-09 
99648 -85.3929 0.000184725 -5.93077e-06 -0.00319275 3.38389e-09 
99649 -85.3937 0.000181125 -5.92952e-06 -0.00319552 3.3804e-09 
99650 -85.3946 0.000177605 -5.92827e-06 -0.00319827 3.37693e-09 
99651 -85.3955 0.000174163 -5.92703e-06 -0.00320102 3.3735e-09 
99652 -85.3963 0.000170798 -5.92579e-06 -0.00320375 3.3701e-09 
99653 -85.3971 0.000167508 -5.92456e-06 -0.00320646 3.36672e-09 
99654 -85.398 0.000164291 -5.92332e-06 -0.00320916 3.36338e-09 
99655 -85.3988 0.000161146 -5.9221e-06 -0.00321185 3.36006e-09 
99656 -85.3996 0.000158071 -5.92087e-06 -0.00321453 3.35677e-09 
99657 -85.4004 0.000155064 -5.91965e-06 -0.00321719 3.35351e-09 
99658 -85.4012 0.000152124 -5.91843e-06 -0.00321984 3.35027e-09 
99659 -85.402 0.00014925 -5.91722e-06 -0.00322248 3.34707e-09 
99660 -85.4028 0.000146439 -5.91601e-06 -0.0032251 3.34389e-09 
99661 -85.4036 0.00014369 -5.91481e-06 -0.00322771 3.34073e-09 
99662 -85.4044 0.000141003 -5.91361e-06 -0.00323031 3.33761e-09 
99663 -85.4052 0.000138375 -5.91241e-06 -0.00323289 3.33451e-09 
99664 -85.4059 0.000135806 -5.91122e-06 -0.00323546 3.33143e-09 
99665 -85.4067 0.000133294 -5.91003e-06 -0.00323802 3.32838e-09 
99666 -85.4074 0.000130837 -5.90884e-06 -0.00324057 3.32536e-09 
99667 -85.4082 0.000128435 -5.90766e-06 -0.0032431 3.32236e-09 
99668 -85.4089 0.000126086 -5.90648e-06 -0.00324563 3.31939e-09 
99669 -85.4097 0.000123789 -5.90531e-06 -0.00324814 3.31644e-09 
99670 -85.4104 0.000121543 -5.90414e-06 -0.00325063 3.31351e-09 
99671 -85.4111 0.000119346 -5.90298e-06 -0.00325312 3.31061e-09 
99672 -85.4119 0.000117199 -5.90182e-06 -0.00325559 3.30774e-09 
99673 -85.4126 0.000115099 -5.90066e-06 -0.00325805 3.30489e-09 
99674 -85.4133 0.000113045 -5.89951e-06 -0.0032605 3.30206e-09 
99675 -85.414 0.000111036 -5.89836e-06 -0.00326293 3.29925e-09 
99676 -85.4147 0.000109073 -5.89722e-06 -0.00326536 3.29647e-09 
99677 -85.4154 0.000107152 -5.89608e-06 -0.00326777 3.29371e-09 
99678 -85.416 0.000105274 -5.89494e-06 -0.00327017 3.29098e-09 
99679 -85.4167 0.000103437 -5.89381e-06 -0.00327256 3.28826e-09 
99680 -85.4174 0.000101641 -5.89269e-06 -0.00327493 3.28557e-09 
99681 -85.4181 9.98848e-05 -5.89156e-06 -0.0032773 3.2829e-09 
99682 -85.4187 9.81672e-05 -5.89045e-06 -0.00327965 3.28025e-09 
99683 -85.4194 9.64874e-05 -5.88933e-06 -0.00328199 3.27763e-09 
99684 -85.42 9.48447e-05 -5.88822e-06 -0.00328432 3.27502e-09 
99685 -85.4207 9.32382e-05 -5.88712e-06 -0.00328664 3.27244e-09 
99686 -85.4213 9.1667e-05 -5.88602e-06 -0.00328895 3.26987e-09 
99687 -85.422 9.01305e-05 -5.88492e-06 -0.00329125 3.26733e-09 
99688 -85.4226 8.86279e-05 -5.88383e-06 -0.00329353 3.26481e-09 
99689 -85.4232 8.71583e-05 -5.88274e-06 -0.0032958 3.26231e-09 
99690 -85.4239 8.57211e-05 -5.88166e-06 -0.00329807 3.25983e-09 
99691 -85.4245 8.43155e-05 -5.88058e-06 -0.00330032 3.25737e-09 
99692 -85.4251 8.29408e-05 -5.87951e-06 -0.00330256 3.25493e-09 
99693 -85.4257 8.15963e-05 -5.87844e-06 -0.00330479 3.25251e-09 
99694 -85.4263 8.02814e-05 -5.87737e-06 -0.003307 3.25011e-09 
99695 -85.4269 7.89954e-05 -5.87631e-06 -0.00330921 3.24773e-09 
99696 -85.4275 7.77377e-05 -5.87525e-06 -0.00331141 3.24536e-09 
99697 -85.4281 7.65075e-05 -5.8742e-06 -0.00331359 3.24302e-09 
99698 -85.4287 7.53044e-05 -5.87315e-06 -0.00331577 3.24069e-09 
99699 -85.4293 7.41277e-05 -5.87211e-06 -0.00331793 3.23839e-09 
99700 -85.4298 7.29768e-05 -5.87107e-06 -0.00332008 3.2361e-09 
99701 -85.4304 7.18511e-05 -5.87003e-06 -0.00332222 3.23383e-09 
99702 -85.431 7.07502e-05 -5.869e-06 -0.00332436 3.23158e-09 
99703 -85.4315 6.96733e-05 -5.86797e-06 -0.00332648 3.22934e-09 
99704 -85.4321 6.86201e-05 -5.86695e-06 -0.00332859 3.22713e-09 
99705 -85.4326 6.75899e-05 -5.86593e-06 -0.00333069 3.22493e-09 
99706 -85.4332 6.65823e-05 -5.86492e-06 -0.00333278 3.22275e-09 
99707 -85.4337 6.55967e-05 -5.86391e-06 -0.00333486 3.22058e-09 
99708 -85.4343 6.46328e-05 -5.8629e-06 -0.00333693 3.21843e-09 
99709 -85.4348 6.36899e-05 -5.8619e-06 -0.00333899 3.2163e-09 
99710 -85.4354 6.27676e-05 -5.86091e-06 -0.00334104 3.21419e-09 
99711 -85.4359 6.18655e-05 -5.85991e-06 -0.00334308 3.21209e-09 
99712 -85.4364 6.09831e-05 -5.85893e-06 -0.00334511 3.21001e-09 
99713 -85.4369 6.012e-05 -5.85794e-06 -0.00334712 3.20795e-09 
99714 -85.4375 5.92758e-05 -5.85696e-06 -0.00334913 3.2059e-09 
99715 -85.438 5.84499e-05 -5.85599e-06 -0.00335113 3.20387e-09 
99716 -85.4385 5.76421e-05 -5.85502e-06 -0.00335312 3.20185e-09 
99717 -85.439 5.6852e-05 -5.85405e-06 -0.0033551 3.19985e-09 
99718 -85.4395 5.6079e-05 -5.85309e-06 -0.00335707 3.19787e-09 
99719 -85.44 5.5323e-05 -5.85213e-06 -0.00335903 3.1959e-09 
99720 -85.4405 5.45834e-05 -5.85118e-06 -0.00336098 3.19394e-09 
99721 -85.441 5.38599e-05 -5.85023e-06 -0.00336292 3.192e-09 
99722 -85.4415 5.31522e-05 -5.84928e-06 -0.00336485 3.19008e-09 
99723 -85.4419 5.24598e-05 -5.84834e-06 -0.00336678 3.18817e-09 
99724 -85.4424 5.17826e-05 -5.8474e-06 -0.00336869 3.18628e-09 
99725 -85.4429 5.11201e-05 -5.84647e-06 -0.00337059 3.1844e-09 
99726 -85.4434 5.0472e-05 -5.84554e-06 -0.00337248 3.18253e-09 
99727 -85.4438 4.9838e-05 -5.84462e-06 -0.00337437 3.18068e-09 
99728 -85.4443 4.92178e-05 -5.8437e-06 -0.00337624 3.17884e-09 
99729 -85.4448 4.86111e-05 -5.84278e-06 -0.00337811 3.17702e-09 
99730 -85.4452 4.80175e-05 -5.84187e-06 -0.00337996 3.17521e-09 
99731 -85.4457 4.74368e-05 -5.84096e-06 -0.00338181 3.17342e-09 
99732 -85.4461 4.68688e-05 -5.84006e-06 -0.00338365 3.17163e-09 
99733 -85.4466 4.6313e-05 -5.83916e-06 -0.00338548 3.16987e-09 
99734 -85.447 4.57694e-05 -5.83826e-06 -0.0033873 3.16811e-09 
99735 -85.4475 4.52375e-05 -5.83737e-06 -0.00338911 3.16637e-09 
99736 -85.4479 4.47171e-05 -5.83648e-06 -0.00339091 3.16464e-09 
99737 -85.4483 4.4208e-05 -5.8356e-06 -0.0033927 3.16293e-09 
99738 -85.4488 4.371e-05 -5.83472e-06 -0.00339449 3.16122e-09 
99739 -85.4492 4.32227e-05 -5.83384e-06 -0.00339626 3.15954e-09 
99740 -85.4496 4.27459e-05 -5.83297e-06 -0.00339803 3.15786e-09 
99741 -85.45 4.22795e-05 -5.83211e-06 -0.00339979 3.15619e-09 
99742 -85.4505 4.18232e-05 -5.83124e-06 -0.00340154 3.15454e-09 
99743 -85.4509 4.13767e-05 -5.83038e-06 -0.00340328 3.1529e-09 
99744 -85.4513 4.09399e-05 -5.82953e-06 -0.00340501 3.15128e-09 
99745 -85.4517 4.05125e-05 -5.82868e-06 -0.00340673 3.14966e-09 
99746 -85.4521 4.00944e-05 -5.82783e-06 -0.00340845 3.14806e-09 
99747 -85.4525 3.96852e-05 -5.82698e-06 -0.00341015 3.14647e-09 
99748 -85.4529 3.92849e-05 -5.82614e-06 -0.00341185 3.14489e-09 
99749 -85.4533 3.88933e-05 -5.82531e-06 -0.00341354 3.14332e-09 
99750 -85.4537 3.851e-05 -5.82448e-06 -0.00341522 3.14176e-09 
99751 -85.4541 3.81351e-05 -5.82365e-06 -0.0034169 3.14022e-09 
99752 -85.4545 3.77682e-05 -5.82282e-06 -0.00341856 3.13869e-09 
99753 -85.4549 3.74092e-05 -5.822e-06 -0.00342022 3.13716e-09 
99754 -85.4553 3.70579e-05 -5.82118e-06 -0.00342187 3.13565e-09 
99755 -85.4557 3.67142e-05 -5.82037e-06 -0.00342351 3.13415e-09 
99756 -85.456 3.63779e-05 -5.81956e-06 -0.00342514 3.13267e-09 
99757 -85.4564 3.60488e-05 -5.81876e-06 -0.00342676 3.13119e-09 
99758 -85.4568 3.57268e-05 -5.81795e-06 -0.00342838 3.12972e-09 
99759 -85.4572 3.54117e-05 -5.81716e-06 -0.00342998 3.12826e-09 
99760 -85.4575 3.51033e-05 -5.81636e-06 -0.00343158 3.12682e-09 
99761 -85.4579 3.48016e-05 -5.81557e-06 -0.00343318 3.12538e-09 
99762 -85.4583 3.45063e-05 -5.81478e-06 -0.00343476 3.12396e-09 
99763 -85.4586 3.42174e-05 -5.814e-06 -0.00343634 3.12254e-09 
99764 -85.459 3.39347e-05 -5.81322e-06 -0.0034379 3.12114e-09 
99765 -85.4593 3.3658e-05 -5.81244e-06 -0.00343946 3.11975e-09 
99766 -85.4597 3.33872e-05 -5.81167e-06 -0.00344102 3.11836e-09 
99767 -85.46 3.31222e-05 -5.8109e-06 -0.00344256 3.11699e-09 
99768 -85.4604 3.28629e-05 -5.81014e-06 -0.0034441 3.11562e-09 
99769 -85.4607 3.26092e-05 -5.80937e-06 -0.00344563 3.11427e-09 
99770 -85.4611 3.23608e-05 -5.80862e-06 -0.00344715 3.11292e-09 
99771 -85.4614 3.21178e-05 -5.80786e-06 -0.00344867 3.11159e-09 
99772 -85.4618 3.18799e-05 -5.80711e-06 -0.00345017 3.11026e-09 
99773 -85.4621 3.16472e-05 -5.80636e-06 -0.00345167 3.10894e-09 
99774 -85.4624 3.14193e-05 -5.80562e-06 -0.00345317 3.10764e-09 
99775 -85.4628 3.11964e-05 -5.80488e-06 -0.00345465 3.10634e-09 
99776 -85.4631 3.09782e-05 -5.80414e-06 -0.00345613 3.10505e-09 
99777 -85.4634 3.07646e-05 -5.8034e-06 -0.0034576 3.10377e-09 
99778 -85.4637 3.05556e-05 -5.80267e-06 -0.00345906 3.1025e-09 
99779 -85.4641 3.0351e-05 -5.80195e-06 -0.00346052 3.10124e-09 
99780 -85.4644 3.01508e-05 -5.80122e-06 -0.00346197 3.09998e-09 
99781 -85.4647 2.99548e-05 -5.8005e-06 -0.00346341 3.09874e-09 
99782 -85.465 2.97629e-05 -5.79978e-06 -0.00346484 3.0975e-09 
99783 -85.4653 2.95752e-05 -5.79907e-06 -0.00346627 3.09628e-09 
99784 -85.4656 2.93914e-05 -5.79836e-06 -0.00346769 3.09506e-09 
99785 -85.466 2.92115e-05 -5.79765e-06 -0.0034691 3.09385e-09 
99786 -85.4663 2.90355e-05 -5.79695e-06 -0.00347051 3.09264e-09 
99787 -85.4666 2.88631e-05 -5.79625e-06 -0.00347191 3.09145e-09 
99788 -85.4669 2.86944e-05 -5.79555e-06 -0.0034733 3.09027e-09 
99789 -85.4672 2.85293e-05 -5.79486e-06 -0.00347468 3.08909e-09 
99790 -85.4675 2.83676e-05 -5.79416e-06 -0.00347606 3.08792e-09 
99791 -85.4678 2.82094e-05 -5.79348e-06 -0.00347743 3.08676e-09 
99792 -85.4681 2.80545e-05 -5.79279e-06 -0.0034788 3.0856e-09 
99793 -85.4684 2.79029e-05 -5.79211e-06 -0.00348015 3.08446e-09 
99794 -85.4687 2.77545e-05 -5.79143e-06 -0.0034815 3.08332e-09 
99795 -85.4689 2.76091e-05 -5.79076e-06 -0.00348285 3.08219e-09 
99796 -85.4692 2.74669e-05 -5.79008e-06 -0.00348419 3.08107e-09 
99797 -85.4695 2.73276e-05 -5.78941e-06 -0.00348552 3.07996e-09 
99798 -85.4698 2.71913e-05 -5.78875e-06 -0.00348684 3.07885e-09 
99799 -85.4701 2.70578e-05 -5.78809e-06 -0.00348816 3.07775e-09 
99800 -85.4704 2.69271e-05 -5.78743e-06 -0.00348947 3.07666e-09 
99801 -85.4707 2.67992e-05 -5.78677e-06 -0.00349077 3.07557e-09 
99802 -85.4709 2.6674e-05 -5.78612e-06 -0.00349207 3.07449e-09 
99803 -85.4712 2.65513e-05 -5.78546e-06 -0.00349336 3.07342e-09 
99804 -85.4715 2.64313e-05 -5.78482e-06 -0.00349465 3.07236e-09 
99805 -85.4717 2.63137e-05 -5.78417e-06 -0.00349593 3.0713e-09 
99806 -85.472 2.61986e-05 -5.78353e-06 -0.0034972 3.07025e-09 
99807 -85.4723 2.60859e-05 -5.78289e-06 -0.00349847 3.06921e-09 
99808 -85.4726 2.59756e-05 -5.78225e-06 -0.00349973 3.06818e-09 
99809 -85.4728 2.58675e-05 -5.78162e-06 -0.00350098 3.06715e-09 
99810 -85.4731 2.57617e-05 -5.78099e-06 -0.00350223 3.06613e-09 
99811 -85.4733 2.56581e-05 -5.78036e-06 -0.00350347 3.06511e-09 
99812 -85.4736 2.55567e-05 -5.77974e-06 -0.0035047 3.0641e-09 
99813 -85.4739 2.54573e-05 -5.77912e-06 -0.00350593 3.0631e-09 
99814 -85.4741 2.53601e-05 -5.7785e-06 -0.00350715 3.0621e-09 
99815 -85.4744 2.52648e-05 -5.77788e-06 -0.00350837 3.06112e-09 
99816 -85.4746 2.51715e-05 -5.77727e-06 -0.00350958 3.06013e-09 
99817 -85.4749 2.50802e-05 -5.77666e-06 -0.00351078 3.05916e-09 
99818 -85.4751 2.49907e-05 -5.77605e-06 -0.00351198 3.05819e-09 
99819 -85.4754 2.49031e-05 -5.77545e-06 -0.00351317 3.05722e-09 
99820 -85.4756 2.48173e-05 -5.77484e-06 -0.00351436 3.05627e-09 
99821 -85.4759 2.47332e-05 -5.77424e-06 -0.00351554 3.05531e-09 
99822 -85.4761 2.46509e-05 -5.77365e-06 -0.00351672 3.05437e-09 
99823 -85.4764 2.45703e-05 -5.77305e-06 -0.00351788 3.05343e-09 
99824 -85.4766 2.44913e-05 -5.77246e-06 -0.00351905 3.0525e-09 
99825 -85.4768 2.4414e-05 -5.77187e-06 -0.0035202 3.05157e-09 
99826 -85.4771 2.43382e-05 -5.77128e-06 -0.00352136 3.05065e-09 
99827 -85.4773 2.4264e-05 -5.7707e-06 -0.0035225 3.04973e-09 
99828 -85.4775 2.41914e-05 -5.77012e-06 -0.00352364 3.04882e-09 
99829 -85.4778 2.41202e-05 -5.76954e-06 -0.00352477 3.04792e-09 
99830 -85.478 2.40504e-05 -5.76897e-06 -0.0035259 3.04702e-09 
99831 -85.4782 2.39821e-05 -5.76839e-06 -0.00352703 3.04613e-09 
99832 -85.4785 2.39152e-05 -5.76782e-06 -0.00352814 3.04524e-09 
99833 -85.4787 2.38496e-05 -5.76725e-06 -0.00352925 3.04436e-09 
99834 -85.4789 2.37854e-05 -5.76669e-06 -0.00353036 3.04348e-09 
99835 -85.4792 2.37225e-05 -5.76612e-06 -0.00353146 3.04261e-09 
99836 -85.4794 2.36608e-05 -5.76556e-06 -0.00353256 3.04174e-09 
99837 -85.4796 2.36004e-05 -5.765e-06 -0.00353364 3.04088e-09 
99838 -85.4798 2.35413e-05 -5.76445e-06 -0.00353473 3.04003e-09 
99839 -85.48 2.34833e-05 -5.76389e-06 -0.00353581 3.03918e-09 
99840 -85.4803 2.34265e-05 -5.76334e-06 -0.00353688 3.03833e-09 
99841 -85.4805 2.33708e-05 -5.76279e-06 -0.00353795 3.03749e-09 
99842 -85.4807 2.33163e-05 -5.76225e-06 -0.00353901 3.03666e-09 
99843 -85.4809 2.32628e-05 -5.7617e-06 -0.00354007 3.03583e-09 
99844 -85.4811 2.32105e-05 -5.76116e-06 -0.00354112 3.03501e-09 
99845 -85.4813 2.31591e-05 -5.76062e-06 -0.00354217 3.03419e-09 
99846 -85.4815 2.31088e-05 -5.76009e-06 -0.00354321 3.03337e-09 
99847 -85.4818 2.30596e-05 -5.75955e-06 -0.00354424 3.03256e-09 
99848 -85.482 2.30113e-05 -5.75902e-06 -0.00354527 3.03176e-09 
99849 -85.4822 2.29639e-05 -5.75849e-06 -0.0035463 3.03096e-09 
99850 -85.4824 2.29175e-05 -5.75796e-06 -0.00354732 3.03016e-09 
99851 -85.4826 2.28721e-05 -5.75744e-06 -0.00354833 3.02937e-09 
99852 -85.4828 2.28275e-05 -5.75691e-06 -0.00354934 3.02859e-09 
99853 -85.483 2.27838e-05 -5.75639e-06 -0.00355035 3.02781e-09 
99854 -85.4832 2.2741e-05 -5.75587e-06 -0.00355135 3.02703e-09 
99855 -85.4834 2.2699e-05 -5.75536e-06 -0.00355235 3.02626e-09 
99856 -85.4836 2.26579e-05 -5.75484e-06 -0.00355334 3.02549e-09 
99857 -85.4838 2.26175e-05 -5.75433e-06 -0.00355432 3.02473e-09 
99858 -85.484 2.2578e-05 -5.75382e-06 -0.0035553 3.02397e-09 
99859 -85.4842 2.25392e-05 -5.75331e-06 -0.00355628 3.02322e-09 
99860 -85.4844 2.25012e-05 -5.75281e-06 -0.00355725 3.02247e-09 
99861 -85.4846 2.2464e-05 -5.7523e-06 -0.00355821 3.02172e-09 
99862 -85.4848 2.24274e-05 -5.7518e-06 -0.00355917 3.02098e-09 
99863 -85.485 2.23916e-05 -5.7513e-06 -0.00356013 3.02024e-09 
99864 -85.4851 2.23565e-05 -5.7508e-06 -0.00356108 3.01951e-09 
99865 -85.4853 2.2322e-05 -5.75031e-06 -0.00356203 3.01878e-09 
99866 -85.4855 2.22883e-05 -5.74982e-06 -0.00356297 3.01806e-09 
99867 -85.4857 2.22551e-05 -5.74932e-06 -0.0035639 3.01734e-09 
99868 -85.4859 2.22227e-05 -5.74884e-06 -0.00356484 3.01662e-09 
99869 -85.4861 2.21908e-05 -5.74835e-06 -0.00356576 3.01591e-09 
99870 -85.4863 2.21596e-05 -5.74786e-06 -0.00356668 3.0152e-09 
99871 -85.4864 2.21289e-05 -5.74738e-06 -0.0035676 3.0145e-09 
99872 -85.4866 2.20989e-05 -5.7469e-06 -0.00356852 3.0138e-09 
99873 -85.4868 2.20694e-05 -5.74642e-06 -0.00356942 3.0131e-09 
99874 -85.487 2.20405e-05 -5.74594e-06 -0.00357033 3.01241e-09 
99875 -85.4872 2.20121e-05 -5.74547e-06 -0.00357123 3.01172e-09 
99876 -85.4873 2.19843e-05 -5.74499e-06 -0.00357212 3.01103e-09 
99877 -85.4875 2.1957e-05 -5.74452e-06 -0.00357301 3.01035e-09 
99878 -85.4877 2.19302e-05 -5.74405e-06 -0.0035739 3.00968e-09 
99879 -85.4879 2.1904e-05 -5.74359e-06 -0.00357478 3.009e-09 
99880 -85.4881 2.18782e-05 -5.74312e-06 -0.00357566 3.00833e-09 
99881 -85.4882 2.18529e-05 -5.74266e-06 -0.00357653 3.00767e-09 
99882 -85.4884 2.18281e-05 -5.74219e-06 -0.0035774 3.007e-09 
99883 -85.4886 2.18037e-05 -5.74173e-06 -0.00357826 3.00634e-09 
99884 -85.4887 2.17798e-05 -5.74127e-06 -0.00357912 3.00569e-09 
99885 -85.4889 2.17564e-05 -5.74082e-06 -0.00357998 3.00504e-09 
99886 -85.4891 2.17334e-05 -5.74036e-06 -0.00358083 3.00439e-09 
99887 -85.4893 2.17108e-05 -5.73991e-06 -0.00358167 3.00374e-09 
99888 -85.4894 2.16886e-05 -5.73946e-06 -0.00358252 3.0031e-09 
99889 -85.4896 2.16669e-05 -5.73901e-06 -0.00358335 3.00246e-09 
99890 -85.4898 2.16455e-05 -5.73856e-06 -0.00358419 3.00183e-09 
99891 -85.4899 2.16245e-05 -5.73812e-06 -0.00358502 3.0012e-09 
99892 -85.4901 2.16039e-05 -5.73767e-06 -0.00358584 3.00057e-09 
99893 -85.4902 2.15837e-05 -5.73723e-06 -0.00358666 2.99994e-09 
99894 -85.4904 2.15639e-05 -5.73679e-06 -0.00358748 2.99932e-09 
99895 -85.4906 2.15444e-05 -5.73635e-06 -0.00358829 2.9987e-09 
99896 -85.4907 2.15253e-05 -5.73591e-06 -0.0035891 2.99809e-09 
99897 -85.4909 2.15065e-05 -5.73548e-06 -0.00358991 2.99747e-09 
99898 -85.491 2.1488e-05 -5.73504e-06 -0.00359071 2.99686e-09 
99899 -85.4912 2.14699e-05 -5.73461e-06 -0.0035915 2.99626e-09 
99900 -85.4914 2.14521e-05 -5.73418e-06 -0.0035923 2.99566e-09 
99901 -85.4915 2.14346e-05 -5.73375e-06 -0.00359308 2.99506e-09 
99902 -85.4917 2.14175e-05 -5.73332e-06 -0.00359387 2.99446e-09 
99903 -85.4918 2.14006e-05 -5.7329e-06 -0.00359465 2.99387e-09 
99904 -85.492 2.13841e-05 -5.73247e-06 -0.00359543 2.99327e-09 
99905 -85.4921 2.13678e-05 -5.73205e-06 -0.0035962 2.99269e-09 
99906 -85.4923 2.13518e-05 -5.73163e-06 -0.00359697 2.9921e-09 
99907 -85.4924 2.13361e-05 -5.73121e-06 -0.00359773 2.99152e-09 
99908 -85.4926 2.13207e-05 -5.73079e-06 -0.00359849 2.99094e-09 
99909 -85.4928 2.13055e-05 -5.73038e-06 -0.00359925 2.99037e-09 
99910 -85.4929 2.12906e-05 -5.72996e-06 -0.0036 2.98979e-09 
99911 -85.4931 2.1276e-05 -5.72955e-06 -0.00360075 2.98922e-09 
99912 -85.4932 2.12616e-05 -5.72914e-06 -0.0036015 2.98865e-09 
99913 -85.4933 2.12474e-05 -5.72872e-06 -0.00360224 2.98809e-09 
99914 -85.4935 2.12335e-05 -5.72832e-06 -0.00360298 2.98753e-09 
99915 -85.4936 2.12199e-05 -5.72791e-06 -0.00360371 2.98697e-09 
99916 -85.4938 2.12064e-05 -5.7275e-06 -0.00360444 2.98641e-09 
99917 -85.4939 2.11932e-05 -5.7271e-06 -0.00360517 2.98586e-09 
99918 -85.4941 2.11802e-05 -5.7267e-06 -0.00360589 2.9853e-09 
99919 -85.4942 2.11675e-05 -5.72629e-06 -0.00360661 2.98476e-09 
99920 -85.4944 2.11549e-05 -5.72589e-06 -0.00360732 2.98421e-09 
99921 -85.4945 2.11425e-05 -5.7255e-06 -0.00360804 2.98367e-09 
99922 -85.4947 2.11304e-05 -5.7251e-06 -0.00360874 2.98312e-09 
99923 -85.4948 2.11185e-05 -5.7247e-06 -0.00360945 2.98259e-09 
99924 -85.4949 2.11067e-05 -5.72431e-06 -0.00361015 2.98205e-09 
99925 -85.4951 2.10952e-05 -5.72391e-06 -0.00361085 2.98152e-09 
99926 -85.4952 2.10838e-05 -5.72352e-06 -0.00361154 2.98099e-09 
99927 -85.4954 2.10726e-05 -5.72313e-06 -0.00361223 2.98046e-09 
99928 -85.4955 2.10616e-05 -5.72274e-06 -0.00361292 2.97993e-09 
99929 -85.4956 2.10508e-05 -5.72236e-06 -0.0036136 2.97941e-09 
99930 -85.4958 2.10401e-05 -5.72197e-06 -0.00361428 2.97889e-09 
99931 -85.4959 2.10297e-05 -5.72158e-06 -0.00361496 2.97837e-09 
99932 -85.496 2.10193e-05 -5.7212e-06 -0.00361563 2.97785e-09 
99933 -85.4962 2.10092e-05 -5.72082e-06 -0.0036163 2.97734e-09 
99934 -85.4963 2.09992e-05 -5.72044e-06 -0.00361697 2.97682e-09 
99935 -85.4964 2.09894e-05 -5.72006e-06 -0.00361763 2.97631e-09 
99936 -85.4966 2.09797e-05 -5.71968e-06 -0.00361829 2.97581e-09 
99937 -85.4967 2.09701e-05 -5.7193e-06 -0.00361894 2.9753e-09 
99938 -85.4968 2.09607e-05 -5.71893e-06 -0.0036196 2.9748e-09 
99939 -85.497 2.09515e-05 -5.71855e-06 -0.00362025 2.9743e-09 
99940 -85.4971 2.09424e-05 -5.71818e-06 -0.00362089 2.9738e-09 
99941 -85.4972 2.09334e-05 -5.71781e-06 -0.00362153 2.9733e-09 
99942 -85.4974 2.09246e-05 -5.71744e-06 -0.00362217 2.97281e-09 
99943 -85.4975 2.09159e-05 -5.71707e-06 -0.00362281 2.97232e-09 
99944 -85.4976 2.09073e-05 -5.7167e-06 -0.00362344 2.97183e-09 
99945 -85.4978 2.08989e-05 -5.71633e-06 -0.00362407 2.97134e-09 
99946 -85.4979 2.08906e-05 -5.71596e-06 -0.0036247 2.97085e-09 
99947 -85.498 2.08824e-05 -5.7156e-06 -0.00362532 2.97037e-09 
99948 -85.4981 2.08743e-05 -5.71524e-06 -0.00362594 2.96989e-09 
99949 -85.4983 2.08664e-05 -5.71487e-06 -0.00362656 2.96941e-09 
99950 -85.4984 2.08585e-05 -5.71451e-06 -0.00362717 2.96893e-09 
99951 -85.4985 2.08508e-05 -5.71415e-06 -0.00362778 2.96846e-09 
99952 -85.4986 2.08432e-05 -5.71379e-06 -0.00362839 2.96798e-09 
99953 -85.4988 2.08357e-05 -5.71344e-06 -0.00362899 2.96751e-09 
99954 -85.4989 2.08283e-05 -5.71308e-06 -0.00362959 2.96704e-09 
99955 -85.499 2.0821e-05 -5.71272e-06 -0.00363019 2.96657e-09 
99956 -85.4991 2.08138e-05 -5.71237e-06 -0.00363079 2.96611e-09 
99957 -85.4993 2.08067e-05 -5.71202e-06 -0.00363138 2.96564e-09 
99958 -85.4994 2.07997e-05 -5.71166e-06 -0.00363197 2.96518e-09 
99959 -85.4995 2.07928e-05 -5.71131e-06 -0.00363255 2.96472e-09 
99960 -85.4996 2.0786e-05 -5.71096e-06 -0.00363313 2.96426e-09 
99961 -85.4997 2.07793e-05 -5.71061e-06 -0.00363371 2.96381e-09 
99962 -85.4999 2.07726e-05 -5.71026e-06 -0.00363429 2.96335e-09 
99963 -85.5 2.07661e-05 -5.70992e-06 -0.00363486 2.9629e-09 
99964 -85.5001 2.07596e-05 -5.70957e-06 -0.00363543 2.96245e-09 
99965 -85.5002 2.07533e-05 -5.70923e-06 -0.003636 2.962e-09 
99966 -85.5003 2.0747e-05 -5.70888e-06 -0.00363657 2.96155e-09 
99967 -85.5005 2.07408e-05 -5.70854e-06 -0.00363713 2.96111e-09 
99968 -85.5006 2.07347e-05 -5.7082e-06 -0.00363769 2.96066e-09 
99969 -85.5007 2.07286e-05 -5.70786e-06 -0.00363824 2.96022e-09 
99970 -85.5008 2.07227e-05 -5.70752e-06 -0.0036388 2.95978e-09 
99971 -85.5009 2.07168e-05 -5.70718e-06 -0.00363935 2.95934e-09 
99972 -85.501 2.0711e-05 -5.70684e-06 -0.00363989 2.95891e-09 
99973 -85.5012 2.07052e-05 -5.70651e-06 -0.00364044 2.95847e-09 
99974 -85.5013 2.06996e-05 -5.70617e-06 -0.00364098 2.95804e-09 
99975 -85.5014 2.0694e-05 -5.70584e-06 -0.00364152 2.95761e-09 
99976 -85.5015 2.06884e-05 -5.7055e-06 -0.00364206 2.95717e-09 
99977 -85.5016 2.0683e-05 -5.70517e-06 -0.00364259 2.95675e-09 
99978 -85.5017 2.06776e-05 -5.70484e-06 -0.00364312 2.95632e-09 
99979 -85.5018 2.06722e-05 -5.70451e-06 -0.00364365 2.95589e-09 
99980 -85.502 2.0667e-05 -5.70418e-06 -0.00364417 2.95547e-09 
99981 -85.5021 2.06617e-05 -5.70385e-06 -0.0036447 2.95505e-09 
99982 -85.5022 2.06566e-05 -5.70352e-06 -0.00364522 2.95463e-09 
99983 -85.5023 2.06515e-05 -5.70319e-06 -0.00364573 2.95421e-09 
99984 -85.5024 2.06465e-05 -5.70287e-06 -0.00364625 2.95379e-09 
99985 -85.5025 2.06415e-05 -5.70254e-06 -0.00364676 2.95337e-09 
99986 -85.5026 2.06366e-05 -5.70222e-06 -0.00364727 2.95296e-09 
99987 -85.5027 2.06317e-05 -5.70189e-06 -0.00364777 2.95254e-09 
99988 -85.5028 2.06269e-05 -5.70157e-06 -0.00364828 2.95213e-09 
99989 -85.5029 2.06222e-05 -5.70125e-06 -0.00364878 2.95172e-09 
99990 -85.5031 2.06175e-05 -5.70093e-06 -0.00364928 2.95131e-09 
99991 -85.5032 2.06128e-05 -5.70061e-06 -0.00364977 2.95091e-09 
99992 -85.5033 2.06082e-05 -5.70029e-06 -0.00365027 2.9505e-09 
99993 -85.5034 2.06037e-05 -5.69997e-06 -0.00365076 2.95009e-09 
99994 -85.5035 2.05991e-05 -5.69965e-06 -0.00365125 2.94969e-09 
99995 -85.5036 2.05947e-05 -5.69934e-06 -0.00365173 2.94929e-09 
99996 -85.5037 2.05903e-05 -5.69902e-06 -0.00365221 2.94889e-09 
99997 -85.5038 2.05859e-05 -5.69871e-06 -0.00365269 2.94849e-09 
99998 -85.5039 2.05816e-05 -5.69839e-06 -0.00365317 2.94809e-09 
99999 -85.504 2.05773e-05 -5.69808e-06 -0.00365365 2.9477e-09 
