98950 -85.3849 1.59745e-05 -6.10522e-06 -0.00360513 6.97104e-09 
98951 -85.385 1.59524e-05 -6.10475e-06 -0.0036061 6.96968e-09 
98952 -85.3852 1.59308e-05 -6.10427e-06 -0.00360706 6.96833e-09 
98953 -85.3854 1.59095e-05 -6.1038e-06 -0.00360802 6.96698e-09 
98954 -85.3855 1.58886e-05 -6.10333e-06 -0.00360897 6.96564e-09 
98955 -85.3857 1.58682e-05 -6.10287e-06 -0.00360992 6.9643e-09 
98956 -85.3859 1.58481e-05 -6.1024e-06 -0.00361086 6.96298e-09 
98957 -85.386 1.58285e-05 -6.10194e-06 -0.0036118 6.96165e-09 
98958 -85.3862 1.58092e-05 -6.10147e-06 -0.00361273 6.96034e-09 
98959 -85.3864 1.57902e-05 -6.10101e-06 -0.00361366 6.95903e-09 
98960 -85.3865 1.57716e-05 -6.10055e-06 -0.00361458 6.95773e-09 
98961 -85.3867 1.57534e-05 -6.10009e-06 -0.0036155 6.95643e-09 
98962 -85.3868 1.57356e-05 -6.09964e-06 -0.00361641 6.95514e-09 
98963 -85.387 1.5718e-05 -6.09918e-06 -0.00361732 6.95385e-09 
98964 -85.3872 1.57008e-05 -6.09873e-06 -0.00361822 6.95258e-09 
98965 -85.3873 1.56839e-05 -6.09827e-06 -0.00361912 6.9513e-09 
98966 -85.3875 1.56674e-05 -6.09782e-06 -0.00362002 6.95004e-09 
98967 -85.3876 1.56511e-05 -6.09737e-06 -0.00362091 6.94878e-09 
98968 -85.3878 1.56352e-05 -6.09692e-06 -0.0036218 6.94752e-09 
98969 -85.388 1.56195e-05 -6.09648e-06 -0.00362268 6.94627e-09 
98970 -85.3881 1.56041e-05 -6.09603e-06 -0.00362356 6.94503e-09 
98971 -85.3883 1.55891e-05 -6.09559e-06 -0.00362443 6.94379e-09 
98972 -85.3884 1.55743e-05 -6.09514e-06 -0.0036253 6.94256e-09 
98973 -85.3886 1.55597e-05 -6.0947e-06 -0.00362616 6.94133e-09 
98974 -85.3887 1.55455e-05 -6.09426e-06 -0.00362702 6.94011e-09 
98975 -85.3889 1.55315e-05 -6.09382e-06 -0.00362787 6.9389e-09 
98976 -85.389 1.55177e-05 -6.09338e-06 -0.00362872 6.93769e-09 
98977 -85.3892 1.55042e-05 -6.09294e-06 -0.00362957 6.93648e-09 
98978 -85.3893 1.5491e-05 -6.09251e-06 -0.00363041 6.93528e-09 
98979 -85.3895 1.5478e-05 -6.09207e-06 -0.00363125 6.93409e-09 
98980 -85.3896 1.54652e-05 -6.09164e-06 -0.00363208 6.9329e-09 
98981 -85.3898 1.54527e-05 -6.09121e-06 -0.00363291 6.93171e-09 
98982 -85.3899 1.54404e-05 -6.09078e-06 -0.00363374 6.93054e-09 
98983 -85.3901 1.54283e-05 -6.09035e-06 -0.00363456 6.92936e-09 
98984 -85.3902 1.54164e-05 -6.08992e-06 -0.00363537 6.92819e-09 
98985 -85.3904 1.54048e-05 -6.08949e-06 -0.00363619 6.92703e-09 
98986 -85.3905 1.53933e-05 -6.08907e-06 -0.00363699 6.92587e-09 
98987 -85.3907 1.53821e-05 -6.08864e-06 -0.0036378 6.92472e-09 
98988 -85.3908 1.5371e-05 -6.08822e-06 -0.0036386 6.92357e-09 
98989 -85.391 1.53602e-05 -6.0878e-06 -0.00363939 6.92243e-09 
98990 -85.3911 1.53495e-05 -6.08738e-06 -0.00364019 6.92129e-09 
98991 -85.3913 1.5339e-05 -6.08696e-06 -0.00364097 6.92015e-09 
98992 -85.3914 1.53287e-05 -6.08654e-06 -0.00364176 6.91902e-09 
98993 -85.3915 1.53186e-05 -6.08612e-06 -0.00364254 6.9179e-09 
98994 -85.3917 1.53087e-05 -6.08571e-06 -0.00364331 6.91678e-09 
98995 -85.3918 1.52989e-05 -6.08529e-06 -0.00364408 6.91566e-09 
98996 -85.392 1.52893e-05 -6.08488e-06 -0.00364485 6.91455e-09 
98997 -85.3921 1.52799e-05 -6.08446e-06 -0.00364561 6.91345e-09 
98998 -85.3922 1.52706e-05 -6.08405e-06 -0.00364637 6.91234e-09 
98999 -85.3924 1.52615e-05 -6.08364e-06 -0.00364713 6.91125e-09 
99000 -85.3925 1.52525e-05 -6.08323e-06 -0.00364788 6.91015e-09 
99001 20.2828 0.00594353 -220.698 -2.06426 0.082907 
99002 34.8869 0.616599 -0.00281899 -5.83397 14.2998 
99003 26.1514 0.58293 -3.64086e-07 -8.60306 12.5855 
99004 22.4429 0.474243 -1.28043e-10 -8.96567 9.53112 
99005 19.8634 0.376129 -8.83685e-14 -5.0694 7.10199 
99006 17.3043 0.295101 -9.10186e-15 -4.38149 5.19375 
99007 16.0504 0.236088 -2.94683e-15 -3.91408 3.85515 
99008 15.5556 0.193492 -8.15119e-16 -3.46863 2.93443 
99009 15.4887 0.162731 -2.03776e-16 -3.10238 2.29869 
99010 15.6703 0.140541 -4.89702e-17 -2.81222 1.8544 
99011 15.9948 0.124592 -1.27903e-17 -2.58133 1.53761 
99012 16.3985 0.113213 -4.53323e-18 -2.39433 1.305 
99013 16.8427 0.105199 -2.42955e-18 -2.2398 1.12753 
99014 17.3051 0.0996705 -1.6689e-18 -2.10965 0.986144 
99015 17.7734 0.095983 -1.24672e-18 -1.99824 0.868678 
99016 18.241 0.0936605 -9.5242e-19 -1.90161 0.767592 
99017 18.7045 0.0923494 -7.32686e-19 -1.81695 0.678352 
99018 19.162 0.0917855 -5.65972e-19 -1.74231 0.598299 
99019 19.6125 0.0917714 -4.38952e-19 -1.67628 0.525899 
99020 20.0547 0.0921589 -3.41957e-19 -1.61795 0.460256 
99021 20.488 0.0928369 -2.67717e-19 -1.56675 0.400823 
99022 20.9114 0.0937225 -2.10732e-19 -1.52245 0.347223 
99023 21.3245 0.0947533 -1.6683e-19 -1.48521 0.299151 
99024 21.7275 0.0958831 -1.32841e-19 -1.45561 0.256321 
99025 22.1214 0.097077 -1.06349e-19 -1.43455 0.218436 
99026 22.5078 0.0983081 -8.55262e-20 -1.42234 0.185178 
99027 22.8876 0.0995542 -6.90415e-20 -1.41628 0.156201 
99028 23.2578 0.100796 -5.59998e-20 -1.40999 0.131123 
99029 23.6108 0.10202 -4.58003e-20 -1.39941 0.10955 
99030 23.9398 0.10322 -3.79258e-20 -1.38581 0.091102 
99031 24.2417 0.104401 -3.18741e-20 -1.37166 0.0754303 
99032 24.5161 0.105569 -2.72057e-20 -1.35835 0.0622126 
99033 24.764 0.106727 -2.35748e-20 -1.34636 0.0511471 
99034 24.987 0.10788 -2.07235e-20 -1.33579 0.0419497 
99035 25.1866 0.109028 -1.84626e-20 -1.32658 0.0343565 
99036 25.3647 0.110172 -1.66537e-20 -1.31865 0.028126 
99037 25.523 0.111312 -1.51943e-20 -1.31186 0.0230415 
99038 25.6632 0.112445 -1.40082e-20 -1.30611 0.0189125 
99039 25.7869 0.11357 -1.30382e-20 -1.30128 0.0155734 
99040 25.8956 0.114685 -1.22406e-20 -1.29726 0.0128832 
99041 25.9908 0.115787 -1.15819e-20 -1.29397 0.0107227 
99042 26.0738 0.116874 -1.1036e-20 -1.29131 0.00899213 
99043 26.1458 0.117944 -1.05827e-20 -1.28921 0.00760926 
99044 26.208 0.118995 -1.02057e-20 -1.28759 0.00650635 
99045 26.2614 0.120026 -9.89235e-21 -1.28639 0.00562816 
99046 26.307 0.121035 -9.63223e-21 -1.28555 0.00492983 
99047 26.3455 0.122021 -9.41704e-21 -1.28503 0.00437514 
99048 26.3778 0.122982 -9.23997e-21 -1.28477 0.00393495 
99049 26.4045 0.123918 -9.09547e-21 -1.28473 0.00358588 
99050 26.4263 0.124828 -8.97894e-21 -1.28488 0.00330926 
99051 26.4436 0.125711 -8.88658e-21 -1.28519 0.00309017 
99052 26.457 0.126568 -8.81523e-21 -1.28562 0.00291676 
99053 26.4668 0.127399 -8.76224e-21 -1.28616 0.0027796 
99054 26.4735 0.128203 -8.72542e-21 -1.28677 0.00267122 
99055 26.4774 0.128981 -8.70289e-21 -1.28745 0.00258568 
99056 26.4787 0.129733 -8.69311e-21 -1.28817 0.00251829 
99057 26.4778 0.130459 -8.69475e-21 -1.28891 0.00246533 
99058 26.4748 0.131161 -8.70671e-21 -1.28967 0.00242386 
99059 26.4699 0.131838 -8.72805e-21 -1.29044 0.00239155 
99060 26.4633 0.132491 -8.758e-21 -1.2912 0.00236655 
99061 26.4552 0.133122 -8.79591e-21 -1.29194 0.00234742 
99062 26.4456 0.13373 -8.84122e-21 -1.29266 0.002333 
99063 26.4347 0.134317 -8.89348e-21 -1.29335 0.00232237 
99064 26.4226 0.134883 -8.95233e-21 -1.29401 0.00231481 
99065 26.4093 0.135429 -9.01745e-21 -1.29464 0.00230976 
99066 26.395 0.135957 -9.08861e-21 -1.29521 0.00230674 
99067 26.3796 0.136466 -9.16562e-21 -1.29575 0.0023054 
99068 26.3633 0.136958 -9.24834e-21 -1.29623 0.00230546 
99069 26.346 0.137433 -9.33666e-21 -1.29667 0.00230669 
99070 26.3279 0.137893 -9.43052e-21 -1.29705 0.00230889 
99071 26.3089 0.138338 -9.52987e-21 -1.29738 0.00231193 
99072 26.2891 0.138769 -9.63472e-21 -1.29766 0.0023157 
99073 26.2685 0.139187 -9.74508e-21 -1.29788 0.00232009 
99074 26.2471 0.139592 -9.86099e-21 -1.29805 0.00232504 
99075 26.225 0.139985 -9.98251e-21 -1.29816 0.00233049 
99076 26.2022 0.140366 -1.01097e-20 -1.29821 0.00233638 
99077 26.1786 0.140738 -1.02427e-20 -1.2982 0.00234269 
99078 26.1543 0.141099 -1.03816e-20 -1.29814 0.00234937 
99079 26.1293 0.141451 -1.05265e-20 -1.29803 0.00235641 
99080 26.1036 0.141795 -1.06776e-20 -1.29786 0.00236378 
99081 26.0772 0.14213 -1.0835e-20 -1.29763 0.00237148 
99082 26.0501 0.142457 -1.09988e-20 -1.29735 0.00237948 
99083 26.0224 0.142778 -1.11693e-20 -1.29702 0.00238778 
99084 25.994 0.143092 -1.13467e-20 -1.29663 0.00239637 
99085 25.965 0.1434 -1.15311e-20 -1.29619 0.00240523 
99086 25.9353 0.143702 -1.17228e-20 -1.29569 0.00241438 
99087 25.9049 0.143999 -1.1922e-20 -1.29515 0.0024238 
99088 25.874 0.144292 -1.21288e-20 -1.29456 0.00243349 
99089 25.8424 0.14458 -1.23437e-20 -1.29391 0.00244345 
99090 25.8101 0.144863 -1.25667e-20 -1.29322 0.00245368 
99091 25.7772 0.145143 -1.27983e-20 -1.29248 0.00246416 
99092 25.7438 0.14542 -1.30386e-20 -1.29169 0.00247492 
99093 25.7097 0.145694 -1.3288e-20 -1.29086 0.00248593 
99094 25.675 0.145965 -1.35468e-20 -1.28998 0.00249721 
99095 25.6396 0.146233 -1.38153e-20 -1.28905 0.00250875 
99096 25.6037 0.1465 -1.40938e-20 -1.28808 0.00252054 
99097 25.5672 0.146764 -1.43827e-20 -1.28707 0.00253261 
99098 25.5301 0.147026 -1.46823e-20 -1.28601 0.00254493 
99099 25.4924 0.147288 -1.49931e-20 -1.28492 0.00255751 
99100 25.4542 0.147547 -1.53154e-20 -1.28378 0.00257035 
99101 25.4154 0.147806 -1.56496e-20 -1.2826 0.00258346 
99102 25.376 0.148064 -1.59961e-20 -1.28139 0.00259683 
99103 25.336 0.148321 -1.63555e-20 -1.28013 0.00261046 
99104 25.2955 0.148578 -1.67282e-20 -1.27884 0.00262435 
99105 25.2544 0.148834 -1.71145e-20 -1.27751 0.0026385 
99106 25.2128 0.14909 -1.75152e-20 -1.27614 0.00265292 
99107 25.1707 0.149346 -1.79306e-20 -1.27474 0.0026676 
99108 25.128 0.149602 -1.83614e-20 -1.2733 0.00268254 
99109 25.0847 0.149858 -1.88081e-20 -1.27183 0.00269775 
99110 25.041 0.150115 -1.92713e-20 -1.27033 0.00271322 
99111 24.9967 0.150372 -1.97515e-20 -1.26879 0.00272895 
99112 24.952 0.150629 -2.02496e-20 -1.26722 0.00274495 
99113 24.9067 0.150887 -2.07661e-20 -1.26562 0.00276121 
99114 24.8609 0.151146 -2.13017e-20 -1.26399 0.00277774 
99115 24.8146 0.151405 -2.18572e-20 -1.26232 0.00279453 
99116 24.7678 0.151666 -2.24334e-20 -1.26063 0.00281159 
99117 24.7206 0.151927 -2.3031e-20 -1.25891 0.00282891 
99118 24.6728 0.15219 -2.36508e-20 -1.25716 0.00284649 
99119 24.6246 0.152453 -2.42938e-20 -1.25538 0.00286434 
99120 24.5759 0.152718 -2.49609e-20 -1.25358 0.00288246 
99121 24.5268 0.152983 -2.56529e-20 -1.25174 0.00290084 
99122 24.4771 0.153251 -2.63709e-20 -1.24989 0.00291949 
99123 24.427 0.153519 -2.71159e-20 -1.248 0.0029384 
99124 24.3765 0.153789 -2.7889e-20 -1.24609 0.00295759 
99125 24.3255 0.15406 -2.86913e-20 -1.24416 0.00297703 
99126 24.2741 0.154333 -2.9524e-20 -1.2422 0.00299675 
99127 24.2222 0.154607 -3.03882e-20 -1.24021 0.00301673 
99128 24.1699 0.154883 -3.12854e-20 -1.23821 0.00303698 
99129 24.1172 0.15516 -3.22168e-20 -1.23618 0.00305749 
99130 24.064 0.155439 -3.31837e-20 -1.23413 0.00307828 
99131 24.0104 0.15572 -3.41878e-20 -1.23206 0.00309933 
99132 23.9564 0.156002 -3.52304e-20 -1.22996 0.00312065 
99133 23.902 0.156286 -3.63133e-20 -1.22785 0.00314223 
99134 23.8472 0.156572 -3.7438e-20 -1.22571 0.00316409 
99135 23.7919 0.15686 -3.86063e-20 -1.22356 0.00318621 
99136 23.7362 0.157149 -3.98201e-20 -1.22138 0.00320861 
99137 23.6802 0.157441 -4.10812e-20 -1.21919 0.00323127 
99138 23.6237 0.157734 -4.23917e-20 -1.21698 0.0032542 
99139 23.5669 0.158029 -4.37535e-20 -1.21474 0.00327741 
99140 23.5096 0.158326 -4.5169e-20 -1.2125 0.00330088 
99141 23.452 0.158625 -4.66404e-20 -1.21023 0.00332463 
99142 23.394 0.158926 -4.81702e-20 -1.20794 0.00334864 
99143 23.3355 0.159228 -4.97607e-20 -1.20564 0.00337293 
99144 23.2767 0.159533 -5.14147e-20 -1.20333 0.00339748 
99145 23.2176 0.15984 -5.31349e-20 -1.20099 0.00342231 
99146 23.158 0.160149 -5.49242e-20 -1.19864 0.00344742 
99147 23.0981 0.16046 -5.67856e-20 -1.19628 0.00347279 
99148 23.0377 0.160773 -5.87223e-20 -1.1939 0.00349844 
99149 22.9771 0.161088 -6.07377e-20 -1.19151 0.00352436 
99150 22.916 0.161405 -6.28351e-20 -1.1891 0.00355056 
99151 22.8546 0.161724 -6.50184e-20 -1.18667 0.00357703 
99152 22.7928 0.162045 -6.72912e-20 -1.18424 0.00360378 
99153 22.7306 0.162369 -6.96577e-20 -1.18179 0.0036308 
99154 22.668 0.162695 -7.21221e-20 -1.17932 0.00365809 
99155 22.6051 0.163023 -7.46887e-20 -1.17685 0.00368567 
99156 22.5419 0.163353 -7.73624e-20 -1.17436 0.00371352 
99157 22.4782 0.163685 -8.01479e-20 -1.17186 0.00374164 
99158 22.4142 0.16402 -8.30504e-20 -1.16935 0.00377005 
99159 22.3499 0.164356 -8.60753e-20 -1.16682 0.00379873 
99160 22.2851 0.164695 -8.92282e-20 -1.16429 0.00382769 
99161 22.22 0.165037 -9.25153e-20 -1.16174 0.00385694 
99162 22.1546 0.165381 -9.59426e-20 -1.15918 0.00388646 
99163 22.0887 0.165727 -9.95169e-20 -1.15662 0.00391626 
99164 22.0226 0.166075 -1.03245e-19 -1.15404 0.00394634 
99165 21.956 0.166426 -1.07134e-19 -1.15145 0.00397671 
99166 21.8891 0.166779 -1.11192e-19 -1.14885 0.00400736 
99167 21.8218 0.167134 -1.15427e-19 -1.14625 0.00403829 
99168 21.7542 0.167492 -1.19848e-19 -1.14363 0.0040695 
99169 21.6861 0.167853 -1.24463e-19 -1.141 0.004101 
99170 21.6178 0.168216 -1.29282e-19 -1.13837 0.00413278 
99171 21.549 0.168581 -1.34314e-19 -1.13573 0.00416485 
99172 21.4799 0.168949 -1.39571e-19 -1.13308 0.00419721 
99173 21.4104 0.169319 -1.45063e-19 -1.13042 0.00422985 
99174 21.3405 0.169692 -1.50803e-19 -1.12775 0.00426278 
99175 21.2703 0.170068 -1.56801e-19 -1.12508 0.00429599 
99176 21.1997 0.170446 -1.63072e-19 -1.12239 0.0043295 
99177 21.1287 0.170827 -1.69629e-19 -1.1197 0.00436329 
99178 21.0573 0.17121 -1.76487e-19 -1.11701 0.00439738 
99179 20.9855 0.171596 -1.8366e-19 -1.1143 0.00443175 
99180 20.9134 0.171985 -1.91165e-19 -1.11159 0.00446642 
99181 20.8409 0.172377 -1.9902e-19 -1.10888 0.00450138 
99182 20.7679 0.172771 -2.07241e-19 -1.10615 0.00453663 
99183 20.6946 0.173168 -2.15848e-19 -1.10343 0.00457217 
99184 20.6209 0.173568 -2.24861e-19 -1.10069 0.00460801 
99185 20.5468 0.173971 -2.34302e-19 -1.09795 0.00464414 
99186 20.4723 0.174377 -2.44193e-19 -1.0952 0.00468057 
99187 20.3974 0.174786 -2.54558e-19 -1.09245 0.0047173 
99188 20.3221 0.175197 -2.65422e-19 -1.0897 0.00475432 
99189 20.2463 0.175612 -2.76813e-19 -1.08694 0.00479164 
99190 20.1702 0.176029 -2.88757e-19 -1.08417 0.00482925 
99191 20.0936 0.17645 -3.01286e-19 -1.0814 0.00486717 
99192 20.0166 0.176874 -3.14432e-19 -1.07862 0.00490539 
99193 19.9392 0.177301 -3.28227e-19 -1.07584 0.0049439 
99194 19.8614 0.177731 -3.42709e-19 -1.07306 0.00498272 
99195 19.7831 0.178164 -3.57915e-19 -1.07027 0.00502184 
99196 19.7044 0.178601 -3.73886e-19 -1.06748 0.00506126 
99197 19.6252 0.179041 -3.90664e-19 -1.06468 0.00510099 
99198 19.5456 0.179484 -4.08295e-19 -1.06188 0.00514101 
99199 19.4655 0.179931 -4.26828e-19 -1.05907 0.00518135 
99200 19.385 0.180381 -4.46314e-19 -1.05627 0.00522199 
99201 19.304 0.180834 -4.66808e-19 -1.05346 0.00526293 
99202 19.2225 0.181291 -4.88369e-19 -1.05064 0.00530418 
99203 19.1406 0.181752 -5.11059e-19 -1.04783 0.00534574 
99204 19.0582 0.182216 -5.34943e-19 -1.04501 0.0053876 
99205 18.9753 0.182684 -5.60093e-19 -1.04218 0.00542977 
99206 18.8918 0.183156 -5.86583e-19 -1.03936 0.00547226 
99207 18.8079 0.183631 -6.14493e-19 -1.03653 0.00551505 
99208 18.7235 0.18411 -6.4391e-19 -1.0337 0.00555815 
99209 18.6386 0.184593 -6.74923e-19 -1.03087 0.00560156 
99210 18.5532 0.185081 -7.07631e-19 -1.02803 0.00564528 
99211 18.4672 0.185572 -7.42137e-19 -1.02519 0.00568932 
99212 18.3807 0.186067 -7.78552e-19 -1.02235 0.00573367 
99213 18.2937 0.186566 -8.16996e-19 -1.01951 0.00577833 
99214 18.2061 0.18707 -8.57594e-19 -1.01667 0.0058233 
99215 18.1179 0.187578 -9.00482e-19 -1.01382 0.00586859 
99216 18.0292 0.18809 -9.45807e-19 -1.01097 0.00591419 
99217 17.9399 0.188606 -9.93722e-19 -1.00812 0.00596011 
99218 17.8501 0.189127 -1.0444e-18 -1.00527 0.00600634 
99219 17.7596 0.189653 -1.09801e-18 -1.00242 0.00605289 
99220 17.6686 0.190183 -1.15475e-18 -0.999563 0.00609975 
99221 17.5769 0.190718 -1.21482e-18 -0.996706 0.00614693 
99222 17.4846 0.191257 -1.27844e-18 -0.993849 0.00619443 
99223 17.3917 0.191802 -1.34586e-18 -0.990989 0.00624225 
99224 17.2982 0.192351 -1.41732e-18 -0.988129 0.00629038 
99225 17.204 0.192905 -1.49311e-18 -0.985267 0.00633883 
99226 17.1092 0.193465 -1.5735e-18 -0.982404 0.0063876 
99227 17.0137 0.19403 -1.65883e-18 -0.979539 0.00643669 
99228 16.9175 0.1946 -1.74942e-18 -0.976674 0.0064861 
99229 16.8206 0.195175 -1.84565e-18 -0.973807 0.00653583 
99230 16.723 0.195756 -1.94792e-18 -0.970939 0.00658588 
99231 16.6248 0.196342 -2.05665e-18 -0.96807 0.00663625 
99232 16.5258 0.196934 -2.17229e-18 -0.965199 0.00668694 
99233 16.426 0.197532 -2.29536e-18 -0.962328 0.00673795 
99234 16.3256 0.198136 -2.42638e-18 -0.959455 0.00678928 
99235 16.2243 0.198746 -2.56593e-18 -0.956582 0.00684093 
99236 16.1223 0.199361 -2.71465e-18 -0.953707 0.0068929 
99237 16.0195 0.199983 -2.87321e-18 -0.950831 0.0069452 
99238 15.9159 0.200612 -3.04235e-18 -0.947954 0.00699782 
99239 15.8115 0.201246 -3.22287e-18 -0.945076 0.00705076 
99240 15.7063 0.201888 -3.41563e-18 -0.942197 0.00710402 
99241 15.6003 0.202536 -3.62157e-18 -0.939316 0.0071576 
99242 15.4933 0.203191 -3.8417e-18 -0.936434 0.00721151 
99243 15.3855 0.203853 -4.07713e-18 -0.933551 0.00726574 
99244 15.2769 0.204521 -4.32907e-18 -0.930667 0.00732029 
99245 15.1673 0.205198 -4.59883e-18 -0.927782 0.00737517 
99246 15.0568 0.205881 -4.88782e-18 -0.924895 0.00743037 
99247 14.9454 0.206572 -5.19759e-18 -0.922006 0.00748589 
99248 14.833 0.207271 -5.52985e-18 -0.919116 0.00754174 
99249 14.7197 0.207977 -5.88643e-18 -0.916225 0.00759792 
99250 14.6054 0.208692 -6.26934e-18 -0.913332 0.00765442 
99251 14.49 0.209414 -6.68079e-18 -0.910437 0.00771124 
99252 14.3737 0.210145 -7.12318e-18 -0.90754 0.00776839 
99253 14.2563 0.210885 -7.59913e-18 -0.904642 0.00782587 
99254 14.1379 0.211633 -8.11154e-18 -0.901741 0.00788367 
99255 14.0183 0.21239 -8.66354e-18 -0.898839 0.0079418 
99256 13.8977 0.213156 -9.25862e-18 -0.895934 0.00800026 
99257 13.776 0.213931 -9.90056e-18 -0.893027 0.00805905 
99258 13.6531 0.214716 -1.05935e-17 -0.890118 0.00811816 
99259 13.529 0.21551 -1.13421e-17 -0.887206 0.00817761 
99260 13.4038 0.216314 -1.21514e-17 -0.884291 0.00823739 
99261 13.2774 0.217128 -1.30269e-17 -0.881374 0.0082975 
99262 13.1497 0.217953 -1.39748e-17 -0.878454 0.00835795 
99263 13.0208 0.218787 -1.50017e-17 -0.87553 0.00841873 
99264 12.8906 0.219633 -1.61152e-17 -0.872604 0.00847985 
99265 12.7591 0.220489 -1.73236e-17 -0.869674 0.00854131 
99266 12.6263 0.221357 -1.86358e-17 -0.86674 0.00860311 
99267 12.4921 0.222236 -2.00621e-17 -0.863803 0.00866525 
99268 12.3565 0.223127 -2.16136e-17 -0.860862 0.00872774 
99269 12.2196 0.22403 -2.33027e-17 -0.857917 0.00879057 
99270 12.0812 0.224945 -2.51432e-17 -0.854967 0.00885376 
99271 11.9413 0.225872 -2.71505e-17 -0.852013 0.0089173 
99272 11.8 0.226812 -2.93414e-17 -0.849054 0.00898119 
99273 11.6571 0.227766 -3.1735e-17 -0.846091 0.00904545 
99274 11.5127 0.228732 -3.43525e-17 -0.843122 0.00911007 
99275 11.3667 0.229713 -3.72175e-17 -0.840148 0.00917506 
99276 11.2191 0.230707 -4.03562e-17 -0.837169 0.00924043 
99277 11.0699 0.231716 -4.37981e-17 -0.834184 0.00930617 
99278 10.919 0.232739 -4.75764e-17 -0.831194 0.0093723 
99279 10.7664 0.233778 -5.17279e-17 -0.828197 0.00943881 
99280 10.612 0.234832 -5.6294e-17 -0.825194 0.00950573 
99281 10.4559 0.235901 -6.13215e-17 -0.822185 0.00957305 
99282 10.298 0.236987 -6.68627e-17 -0.819169 0.00964078 
99283 10.1382 0.238089 -7.29766e-17 -0.816146 0.00970893 
99284 9.97657 0.239208 -7.97296e-17 -0.813116 0.00977751 
99285 9.81301 0.240344 -8.71968e-17 -0.81008 0.00984652 
99286 9.6475 0.241498 -9.5463e-17 -0.807036 0.00991599 
99287 9.47999 0.24267 -1.04624e-16 -0.803984 0.00998591 
99288 9.31047 0.243861 -1.14788e-16 -0.800926 0.0100563 
99289 9.13887 0.24507 -1.26079e-16 -0.797859 0.0101272 
99290 8.96517 0.246299 -1.38636e-16 -0.794785 0.0101986 
99291 8.78933 0.247548 -1.52618e-16 -0.791704 0.0102705 
99292 8.6113 0.248818 -1.68206e-16 -0.788615 0.0103429 
99293 8.43105 0.250108 -1.85606e-16 -0.785518 0.0104158 
99294 8.24853 0.25142 -2.05053e-16 -0.782414 0.0104894 
99295 8.0637 0.252753 -2.26817e-16 -0.779303 0.0105635 
99296 7.87653 0.254109 -2.51204e-16 -0.776184 0.0106382 
99297 7.68696 0.255489 -2.78566e-16 -0.773058 0.0107135 
99298 7.49496 0.256891 -3.09309e-16 -0.769926 0.0107895 
99299 7.30048 0.258318 -3.43897e-16 -0.766787 0.0108661 
99300 7.10349 0.259769 -3.82864e-16 -0.763643 0.0109434 
99301 6.90393 0.261246 -4.26825e-16 -0.760493 0.0110214 
99302 6.70177 0.262748 -4.76491e-16 -0.757338 0.0111002 
99303 6.49697 0.264277 -5.32681e-16 -0.754179 0.0111798 
99304 6.28947 0.265834 -5.96346e-16 -0.751016 0.0112601 
99305 6.07924 0.267417 -6.68585e-16 -0.74785 0.0113413 
99306 5.86624 0.26903 -7.50673e-16 -0.744682 0.0114234 
99307 5.65043 0.270671 -8.44093e-16 -0.741514 0.0115063 
99308 5.43176 0.272342 -9.50569e-16 -0.738345 0.0115902 
99309 5.2102 0.274044 -1.07211e-15 -0.735178 0.011675 
99310 4.9857 0.275776 -1.21107e-15 -0.732013 0.0117609 
99311 4.75822 0.27754 -1.37017e-15 -0.728851 0.0118478 
99312 4.52773 0.279337 -1.55264e-15 -0.725694 0.0119358 
99313 4.2942 0.281167 -1.76222e-15 -0.722544 0.0120249 
99314 4.05757 0.283031 -2.00334e-15 -0.719401 0.0121152 
99315 3.81782 0.284929 -2.28118e-15 -0.716267 0.0122067 
99316 3.57491 0.286863 -2.60186e-15 -0.713143 0.0122995 
99317 3.3288 0.288833 -2.97257e-15 -0.71003 0.0123935 
99318 3.07947 0.29084 -3.40182e-15 -0.70693 0.0124889 
99319 2.82688 0.292884 -3.89969e-15 -0.703843 0.0125857 
99320 2.571 0.294967 -4.47809e-15 -0.700771 0.0126839 
99321 2.31179 0.297089 -5.15118e-15 -0.697714 0.0127835 
99322 2.04922 0.299251 -5.93577e-15 -0.694672 0.0128847 
99323 1.78327 0.301454 -6.8519e-15 -0.691644 0.0129874 
99324 1.51389 0.303698 -7.92343e-15 -0.688632 0.0130916 
99325 1.24105 0.305984 -9.17892e-15 -0.685633 0.0131975 
99326 0.964709 0.308313 -1.06525e-14 -0.682645 0.013305 
99327 0.68484 0.310687 -1.23851e-14 -0.679668 0.0134141 
99328 0.401394 0.313105 -1.44259e-14 -0.676696 0.013525 
99329 0.114328 0.315569 -1.68341e-14 -0.673728 0.0136375 
99330 -0.176408 0.31808 -1.96812e-14 -0.670757 0.0137517 
99331 -0.47087 0.320638 -2.30533e-14 -0.667779 0.0138676 
99332 -0.769119 0.323244 -2.70549e-14 -0.664787 0.0139853 
99333 -1.07122 0.325901 -3.18131e-14 -0.661773 0.0141046 
99334 -1.37726 0.328608 -3.7482e-14 -0.658728 0.0142257 
99335 -1.68732 0.331367 -4.425e-14 -0.655643 0.0143483 
99336 -2.00149 0.334179 -5.23473e-14 -0.652506 0.0144726 
99337 -2.31988 0.337046 -6.20564e-14 -0.649305 0.0145985 
99338 -2.64262 0.339968 -7.37243e-14 -0.646028 0.0147259 
99339 -2.96984 0.342948 -8.77794e-14 -0.642659 0.0148548 
99340 -3.3017 0.345988 -1.04751e-13 -0.639183 0.0149849 
99341 -3.63835 0.349088 -1.25297e-13 -0.635583 0.0151164 
99342 -3.97998 0.352251 -1.50235e-13 -0.631841 0.015249 
99343 -4.32679 0.35548 -1.80587e-13 -0.62794 0.0153825 
99344 -4.67901 0.358776 -2.17636e-13 -0.623858 0.0155169 
99345 -5.03689 0.362142 -2.62995e-13 -0.619575 0.0156519 
99346 -5.40067 0.365581 -3.18703e-13 -0.61507 0.0157872 
99347 -5.77065 0.369095 -3.87346e-13 -0.610321 0.0159227 
99348 -6.14715 0.372689 -4.72219e-13 -0.605304 0.0160579 
99349 -6.53048 0.376366 -5.77538e-13 -0.599997 0.0161926 
99350 -6.92103 0.380128 -7.08724e-13 -0.594374 0.0163262 
99351 -7.31916 0.383982 -8.72778e-13 -0.588413 0.0164582 
99352 -7.72529 0.38793 -1.07878e-12 -0.582088 0.0165881 
99353 -8.13987 0.391978 -1.3386e-12 -0.575374 0.0167152 
99354 -8.56335 0.396131 -1.66775e-12 -0.568248 0.0168386 
99355 -8.99622 0.400395 -2.08674e-12 -0.560685 0.0169573 
99356 -9.43902 0.404775 -2.62273e-12 -0.552662 0.0170704 
99357 -9.89229 0.409278 -3.31193e-12 -0.544155 0.0171765 
99358 -10.3566 0.41391 -4.20292e-12 -0.535145 0.0172741 
99359 -10.8325 0.418679 -5.36123e-12 -0.52561 0.0173615 
99360 -11.3208 0.423593 -6.87586e-12 -0.515534 0.017437 
99361 -11.8219 0.428658 -8.86839e-12 -0.504901 0.0174982 
99362 -12.3367 0.433885 -1.15061e-11 -0.493699 0.0175429 
99363 -12.8657 0.439281 -1.50204e-11 -0.48192 0.0175682 
99364 -13.4097 0.444857 -1.9734e-11 -0.46956 0.0175713 
99365 -13.9695 0.450622 -2.60998e-11 -0.45662 0.017549 
99366 -14.5457 0.456586 -3.47576e-11 -0.443106 0.0174979 
99367 -15.1392 0.462761 -4.6618e-11 -0.429032 0.0174146 
99368 -15.7507 0.469156 -6.29858e-11 -0.414417 0.0172953 
99369 -16.3809 0.475784 -8.57438e-11 -0.399289 0.0171367 
99370 -17.0305 0.482656 -1.17628e-10 -0.383683 0.0169356 
99371 -17.7005 0.489783 -1.62644e-10 -0.367644 0.0166888 
99372 -18.3914 0.497178 -2.26691e-10 -0.351222 0.0163942 
99373 -19.104 0.504852 -3.18524e-10 -0.334479 0.0160502 
99374 -19.8391 0.512817 -4.51213e-10 -0.317484 0.0156562 
99375 -20.5973 0.521084 -6.44406e-10 -0.30031 0.0152125 
99376 -21.3794 0.529665 -9.27808e-10 -0.283041 0.014721 
99377 -22.186 0.538569 -1.3466e-09 -0.265764 0.0141847 
99378 -23.0179 0.547806 -1.96989e-09 -0.248568 0.0136078 
99379 -23.8758 0.557384 -2.90385e-09 -0.231546 0.0129958 
99380 -24.7603 0.567312 -4.31242e-09 -0.21479 0.012355 
99381 -25.6724 0.577596 -6.44967e-09 -0.198389 0.0116924 
99382 -26.6128 0.588239 -9.71056e-09 -0.182431 0.0110157 
99383 -27.5824 0.599244 -1.47106e-08 -0.166995 0.0103321 
99384 -28.5824 0.61061 -2.241e-08 -0.152154 0.00964917 
99385 -29.614 0.622335 -3.43075e-08 -0.137971 0.00897354 
99386 -30.6784 0.634411 -5.27387e-08 -0.124502 0.00831131 
99387 -31.7773 0.646828 -8.1333e-08 -0.111789 0.00766769 
99388 -32.9127 0.659568 -1.257e-07 -0.0998649 0.00704695 
99389 -34.0867 0.67261 -1.94439e-07 -0.0887521 0.00645243 
99390 -35.3019 0.685921 -3.00581e-07 -0.078462 0.00588653 
99391 -36.5614 0.699459 -4.63534e-07 -0.0689966 0.00535086 
99392 -37.8687 0.713169 -7.11519e-07 -0.0603494 0.00484626 
99393 -39.2279 0.726978 -1.08417e-06 -0.0525063 0.00437295 
99394 -40.6438 0.740789 -1.62105e-06 -0.0454476 0.00393064 
99395 -42.1218 0.754476 -2.31478e-06 -0.0391483 0.00351865 
99396 -43.6681 0.767873 -3.20242e-06 -0.0335797 0.00313599 
99397 -45.2893 0.780763 -4.30493e-06 -0.0287085 0.00278147 
99398 -46.9927 0.792858 -5.60563e-06 -0.0244953 0.0024538 
99399 -48.7855 0.803784 -7.0255e-06 -0.0208878 0.00215165 
99400 -50.6746 0.813055 -8.3962e-06 -0.0178118 0.00187374 
99401 -52.665 0.820044 -9.45215e-06 -0.0151664 0.0016189 
99402 -54.7584 0.82397 -9.87841e-06 -0.0128408 0.00138617 
99403 -56.9506 0.823885 -9.44268e-06 -0.0107515 0.00117482 
99404 -59.2289 0.818705 -8.16705e-06 -0.00886866 0.000984398 
99405 -61.5686 0.807295 -6.38932e-06 -0.0072045 0.000814653 
99406 -63.9326 0.788621 -4.59349e-06 -0.00578196 0.000665418 
99407 -66.2726 0.761981 -3.13493e-06 -0.00461122 0.000536369 
99408 -68.5348 0.727263 -2.11834e-06 -0.0036817 0.000426779 
99409 -70.6675 0.685138 -1.47539e-06 -0.0029656 0.000335386 
99410 -72.6291 0.637099 -1.0895e-06 -0.00242621 0.000260457 
99411 -74.3929 0.585267 -8.6345e-07 -0.00202585 0.000199989 
99412 -75.9478 0.532028 -7.33076e-07 -0.00173103 0.00015193 
99413 -77.2968 0.479627 -6.60023e-07 -0.00151456 0.000114307 
99414 -78.4526 0.429861 -6.22289e-07 -0.00135563 8.52883e-05 
99415 -79.4339 0.383945 -6.07472e-07 -0.00123886 6.32146e-05 
99416 -80.2617 0.342539 -6.08614e-07 -0.00115311 4.66277e-05 
99417 -80.957 0.305849 -6.21782e-07 -0.00109038 3.4289e-05 
99418 -81.5393 0.27377 -6.44714e-07 -0.00104493 2.51825e-05 
99419 -82.0258 0.246002 -6.76075e-07 -0.00101264 1.84993e-05 
99420 -82.4316 0.222145 -7.15041e-07 -0.000990513 1.36117e-05 
99421 -82.7696 0.201756 -7.6107e-07 -0.000976328 1.0043e-05 
99422 -83.0506 0.18439 -8.13754e-07 -0.00096843 7.43691e-06 
99423 -83.2839 0.169628 -8.7274e-07 -0.000965554 5.53059e-06 
99424 -83.4775 0.15708 -9.37667e-07 -0.000966718 4.13209e-06 
99425 -83.638 0.146402 -1.00815e-06 -0.000971143 3.10217e-06 
99426 -83.771 0.137287 -1.08375e-06 -0.000978207 2.34024e-06 
99427 -83.8812 0.129475 -1.164e-06 -0.000987406 1.77379e-06 
99428 -83.9727 0.122741 -1.24837e-06 -0.000998326 1.35056e-06 
99429 -84.0486 0.116897 -1.33632e-06 -0.00101063 1.03277e-06 
99430 -84.1119 0.111786 -1.4273e-06 -0.00102403 7.93031e-07 
99431 -84.1647 0.107277 -1.52075e-06 -0.0010383 6.11396e-07 
99432 -84.209 0.103264 -1.61612e-06 -0.00105326 4.73247e-07 
99433 -84.2462 0.0996588 -1.7129e-06 -0.00106873 3.67814e-07 
99434 -84.2778 0.0963898 -1.8106e-06 -0.00108459 2.8711e-07 
99435 -84.3047 0.0933993 -1.90877e-06 -0.00110073 2.25178e-07 
99436 -84.3279 0.0906404 -2.00699e-06 -0.00111706 1.77548e-07 
99437 -84.3479 0.088075 -2.10492e-06 -0.00113351 1.40851e-07 
99438 -84.3653 0.0856725 -2.20222e-06 -0.00115002 1.12534e-07 
99439 -84.3808 0.0834079 -2.29863e-06 -0.00116654 9.06553e-08 
99440 -84.3945 0.0812612 -2.39391e-06 -0.00118304 7.37318e-08 
99441 -84.4068 0.0792163 -2.48786e-06 -0.00119948 6.06285e-08 
99442 -84.418 0.0772599 -2.58033e-06 -0.00121583 5.04741e-08 
99443 -84.4283 0.0753814 -2.67119e-06 -0.00123208 4.25982e-08 
99444 -84.4379 0.0735721 -2.76033e-06 -0.00124821 3.64844e-08 
99445 -84.4468 0.0718248 -2.84769e-06 -0.00126421 3.17341e-08 
99446 -84.4552 0.0701337 -2.93321e-06 -0.00128007 2.80395e-08 
99447 -84.4633 0.0684941 -3.01685e-06 -0.00129578 2.51624e-08 
99448 -84.4709 0.066902 -3.0986e-06 -0.00131133 2.29187e-08 
99449 -84.4783 0.065354 -3.17845e-06 -0.00132674 2.11657e-08 
99450 -84.4855 0.0638473 -3.25641e-06 -0.00134198 1.97932e-08 
99451 -84.4924 0.0623797 -3.33249e-06 -0.00135707 1.87154e-08 
99452 -84.4993 0.0609491 -3.40672e-06 -0.001372 1.78662e-08 
99453 -84.5059 0.0595537 -3.47913e-06 -0.00138677 1.71941e-08 
99454 -84.5125 0.0581921 -3.54974e-06 -0.00140139 1.66594e-08 
99455 -84.519 0.0568629 -3.6186e-06 -0.00141585 1.62311e-08 
99456 -84.5254 0.055565 -3.68574e-06 -0.00143016 1.58853e-08 
99457 -84.5317 0.0542973 -3.75121e-06 -0.00144431 1.56036e-08 
99458 -84.5379 0.0530589 -3.81504e-06 -0.00145833 1.53715e-08 
99459 -84.5442 0.0518489 -3.87727e-06 -0.00147219 1.51778e-08 
99460 -84.5503 0.0506664 -3.93796e-06 -0.00148592 1.50141e-08 
99461 -84.5565 0.0495109 -3.99714e-06 -0.0014995 1.48735e-08 
99462 -84.5626 0.0483815 -4.05485e-06 -0.00151295 1.47509e-08 
99463 -84.5686 0.0472776 -4.11113e-06 -0.00152627 1.46424e-08 
99464 -84.5747 0.0461986 -4.16603e-06 -0.00153945 1.45447e-08 
99465 -84.5807 0.0451439 -4.21958e-06 -0.0015525 1.44555e-08 
99466 -84.5866 0.0441129 -4.27183e-06 -0.00156543 1.43729e-08 
99467 -84.5926 0.0431051 -4.3228e-06 -0.00157824 1.42955e-08 
99468 -84.5985 0.04212 -4.37253e-06 -0.00159093 1.42222e-08 
99469 -84.6044 0.041157 -4.42106e-06 -0.00160349 1.41521e-08 
99470 -84.6103 0.0402157 -4.46841e-06 -0.00161595 1.40845e-08 
99471 -84.6161 0.0392956 -4.51464e-06 -0.00162829 1.4019e-08 
99472 -84.622 0.0383961 -4.55975e-06 -0.00164052 1.39552e-08 
99473 -84.6278 0.0375169 -4.60379e-06 -0.00165264 1.38927e-08 
99474 -84.6335 0.0366576 -4.64677e-06 -0.00166465 1.38313e-08 
99475 -84.6393 0.0358176 -4.68874e-06 -0.00167657 1.37708e-08 
99476 -84.645 0.0349966 -4.72971e-06 -0.00168838 1.37111e-08 
99477 -84.6507 0.0341941 -4.76971e-06 -0.00170009 1.36521e-08 
99478 -84.6564 0.0334098 -4.80877e-06 -0.0017117 1.35937e-08 
99479 -84.6621 0.0326432 -4.84691e-06 -0.00172322 1.35358e-08 
99480 -84.6677 0.031894 -4.88416e-06 -0.00173464 1.34785e-08 
99481 -84.6733 0.0311617 -4.92053e-06 -0.00174597 1.34216e-08 
99482 -84.6789 0.0304461 -4.95604e-06 -0.00175721 1.33651e-08 
99483 -84.6844 0.0297467 -4.99073e-06 -0.00176836 1.33091e-08 
99484 -84.6899 0.0290632 -5.0246e-06 -0.00177943 1.32535e-08 
99485 -84.6954 0.0283953 -5.05768e-06 -0.00179041 1.31982e-08 
99486 -84.7009 0.0277426 -5.08998e-06 -0.0018013 1.31434e-08 
99487 -84.7063 0.0271047 -5.12154e-06 -0.00181211 1.30889e-08 
99488 -84.7118 0.0264814 -5.15235e-06 -0.00182285 1.30348e-08 
99489 -84.7171 0.0258723 -5.18245e-06 -0.0018335 1.29811e-08 
99490 -84.7225 0.0252772 -5.21184e-06 -0.00184407 1.29277e-08 
99491 -84.7278 0.0246956 -5.24055e-06 -0.00185456 1.28747e-08 
99492 -84.7331 0.0241273 -5.26859e-06 -0.00186498 1.28221e-08 
99493 -84.7384 0.0235721 -5.29597e-06 -0.00187532 1.27699e-08 
99494 -84.7436 0.0230295 -5.32271e-06 -0.00188559 1.2718e-08 
99495 -84.7488 0.0224994 -5.34883e-06 -0.00189579 1.26666e-08 
99496 -84.754 0.0219814 -5.37433e-06 -0.00190592 1.26154e-08 
99497 -84.7592 0.0214754 -5.39924e-06 -0.00191597 1.25647e-08 
99498 -84.7643 0.0209809 -5.42357e-06 -0.00192596 1.25143e-08 
99499 -84.7694 0.0204978 -5.44733e-06 -0.00193587 1.24644e-08 
99500 -84.7744 0.0200259 -5.47052e-06 -0.00194572 1.24147e-08 
99501 -84.7795 0.0195647 -5.49318e-06 -0.00195551 1.23655e-08 
99502 -84.7844 0.0191142 -5.5153e-06 -0.00196522 1.23167e-08 
99503 -84.7894 0.0186741 -5.5369e-06 -0.00197487 1.22682e-08 
99504 -84.7943 0.0182441 -5.55799e-06 -0.00198446 1.22201e-08 
99505 -84.7992 0.017824 -5.57858e-06 -0.00199399 1.21723e-08 
99506 -84.8041 0.0174136 -5.59869e-06 -0.00200345 1.2125e-08 
99507 -84.8089 0.0170126 -5.61832e-06 -0.00201285 1.2078e-08 
99508 -84.8137 0.0166209 -5.63749e-06 -0.00202219 1.20314e-08 
99509 -84.8185 0.0162383 -5.6562e-06 -0.00203147 1.19852e-08 
99510 -84.8233 0.0158645 -5.67447e-06 -0.00204069 1.19393e-08 
99511 -84.828 0.0154993 -5.69231e-06 -0.00204985 1.18938e-08 
99512 -84.8326 0.0151425 -5.70971e-06 -0.00205896 1.18487e-08 
99513 -84.8373 0.0147941 -5.72671e-06 -0.002068 1.1804e-08 
99514 -84.8419 0.0144536 -5.7433e-06 -0.00207699 1.17596e-08 
99515 -84.8465 0.0141211 -5.75949e-06 -0.00208593 1.17157e-08 
99516 -84.851 0.0137962 -5.77529e-06 -0.0020948 1.1672e-08 
99517 -84.8555 0.0134789 -5.79072e-06 -0.00210363 1.16288e-08 
99518 -84.86 0.0131689 -5.80577e-06 -0.0021124 1.15859e-08 
99519 -84.8645 0.012866 -5.82046e-06 -0.00212111 1.15434e-08 
99520 -84.8689 0.0125702 -5.83479e-06 -0.00212977 1.15012e-08 
99521 -84.8733 0.0122813 -5.84878e-06 -0.00213838 1.14594e-08 
99522 -84.8776 0.011999 -5.86243e-06 -0.00214694 1.14179e-08 
99523 -84.8819 0.0117233 -5.87575e-06 -0.00215545 1.13769e-08 
99524 -84.8862 0.0114539 -5.88874e-06 -0.0021639 1.13361e-08 
99525 -84.8905 0.0111908 -5.90142e-06 -0.00217231 1.12958e-08 
99526 -84.8947 0.0109338 -5.91379e-06 -0.00218066 1.12558e-08 
99527 -84.8989 0.0106828 -5.92585e-06 -0.00218897 1.12161e-08 
99528 -84.9031 0.0104376 -5.93762e-06 -0.00219722 1.11768e-08 
99529 -84.9072 0.010198 -5.9491e-06 -0.00220543 1.11378e-08 
99530 -84.9113 0.00996405 -5.96029e-06 -0.00221359 1.10992e-08 
99531 -84.9154 0.00973549 -5.97121e-06 -0.0022217 1.10609e-08 
99532 -84.9194 0.00951223 -5.98186e-06 -0.00222977 1.1023e-08 
99533 -84.9234 0.00929415 -5.99224e-06 -0.00223779 1.09854e-08 
99534 -84.9274 0.00908112 -6.00237e-06 -0.00224576 1.09481e-08 
99535 -84.9313 0.00887303 -6.01224e-06 -0.00225369 1.09112e-08 
99536 -84.9352 0.00866977 -6.02186e-06 -0.00226157 1.08746e-08 
99537 -84.9391 0.00847122 -6.03124e-06 -0.0022694 1.08384e-08 
99538 -84.9429 0.00827728 -6.04039e-06 -0.00227719 1.08025e-08 
99539 -84.9468 0.00808783 -6.0493e-06 -0.00228494 1.07669e-08 
99540 -84.9506 0.00790277 -6.05799e-06 -0.00229264 1.07316e-08 
99541 -84.9543 0.007722 -6.06646e-06 -0.0023003 1.06966e-08 
99542 -84.958 0.00754542 -6.07471e-06 -0.00230791 1.0662e-08 
99543 -84.9617 0.00737294 -6.08275e-06 -0.00231549 1.06277e-08 
99544 -84.9654 0.00720445 -6.09058e-06 -0.00232302 1.05937e-08 
99545 -84.969 0.00703986 -6.09822e-06 -0.0023305 1.056e-08 
99546 -84.9726 0.00687909 -6.10565e-06 -0.00233795 1.05267e-08 
99547 -84.9762 0.00672204 -6.11289e-06 -0.00234535 1.04936e-08 
99548 -84.9798 0.00656864 -6.11994e-06 -0.00235272 1.04609e-08 
99549 -84.9833 0.00641878 -6.12681e-06 -0.00236004 1.04284e-08 
99550 -84.9868 0.00627239 -6.1335e-06 -0.00236732 1.03963e-08 
99551 -84.9902 0.0061294 -6.14001e-06 -0.00237456 1.03644e-08 
99552 -84.9937 0.00598971 -6.14634e-06 -0.00238176 1.03329e-08 
99553 -84.9971 0.00585325 -6.15251e-06 -0.00238892 1.03016e-08 
99554 -85.0005 0.00571996 -6.15852e-06 -0.00239605 1.02707e-08 
99555 -85.0038 0.00558974 -6.16436e-06 -0.00240313 1.024e-08 
99556 -85.0071 0.00546254 -6.17004e-06 -0.00241017 1.02096e-08 
99557 -85.0104 0.00533828 -6.17557e-06 -0.00241718 1.01795e-08 
99558 -85.0137 0.0052169 -6.18095e-06 -0.00242415 1.01497e-08 
99559 -85.0169 0.00509832 -6.18618e-06 -0.00243108 1.01202e-08 
99560 -85.0201 0.00498248 -6.19127e-06 -0.00243797 1.00909e-08 
99561 -85.0233 0.00486931 -6.19622e-06 -0.00244483 1.00619e-08 
99562 -85.0265 0.00475876 -6.20103e-06 -0.00245164 1.00332e-08 
99563 -85.0296 0.00465077 -6.2057e-06 -0.00245843 1.00048e-08 
99564 -85.0327 0.00454527 -6.21025e-06 -0.00246517 9.97664e-09 
99565 -85.0358 0.0044422 -6.21466e-06 -0.00247188 9.94874e-09 
99566 -85.0388 0.00434151 -6.21895e-06 -0.00247855 9.92111e-09 
99567 -85.0419 0.00424314 -6.22311e-06 -0.00248519 9.89374e-09 
99568 -85.0449 0.00414705 -6.22716e-06 -0.00249179 9.86663e-09 
99569 -85.0478 0.00405316 -6.23108e-06 -0.00249836 9.83977e-09 
99570 -85.0508 0.00396145 -6.23489e-06 -0.00250489 9.81318e-09 
99571 -85.0537 0.00387184 -6.23859e-06 -0.00251138 9.78683e-09 
99572 -85.0566 0.0037843 -6.24218e-06 -0.00251785 9.76074e-09 
99573 -85.0595 0.00369878 -6.24566e-06 -0.00252427 9.73489e-09 
99574 -85.0623 0.00361523 -6.24904e-06 -0.00253067 9.70929e-09 
99575 -85.0651 0.00353359 -6.25231e-06 -0.00253703 9.68393e-09 
99576 -85.0679 0.00345384 -6.25548e-06 -0.00254335 9.65881e-09 
99577 -85.0707 0.00337592 -6.25855e-06 -0.00254964 9.63394e-09 
99578 -85.0734 0.0032998 -6.26153e-06 -0.0025559 9.6093e-09 
99579 -85.0762 0.00322542 -6.26441e-06 -0.00256213 9.58489e-09 
99580 -85.0789 0.00315275 -6.2672e-06 -0.00256832 9.56072e-09 
99581 -85.0816 0.00308176 -6.2699e-06 -0.00257448 9.53678e-09 
99582 -85.0842 0.00301239 -6.27252e-06 -0.00258061 9.51306e-09 
99583 -85.0868 0.00294462 -6.27504e-06 -0.00258671 9.48957e-09 
99584 -85.0895 0.0028784 -6.27749e-06 -0.00259278 9.46631e-09 
99585 -85.092 0.0028137 -6.27985e-06 -0.00259881 9.44327e-09 
99586 -85.0946 0.00275048 -6.28213e-06 -0.00260481 9.42044e-09 
99587 -85.0971 0.00268872 -6.28433e-06 -0.00261078 9.39784e-09 
99588 -85.0997 0.00262837 -6.28645e-06 -0.00261672 9.37545e-09 
99589 -85.1022 0.0025694 -6.2885e-06 -0.00262263 9.35327e-09 
99590 -85.1046 0.00251179 -6.29048e-06 -0.00262851 9.33131e-09 
99591 -85.1071 0.00245549 -6.29238e-06 -0.00263435 9.30955e-09 
99592 -85.1095 0.00240048 -6.29422e-06 -0.00264017 9.288e-09 
99593 -85.1119 0.00234673 -6.29598e-06 -0.00264596 9.26666e-09 
99594 -85.1143 0.00229421 -6.29768e-06 -0.00265171 9.24552e-09 
99595 -85.1167 0.00224289 -6.29931e-06 -0.00265744 9.22458e-09 
99596 -85.119 0.00219274 -6.30088e-06 -0.00266314 9.20384e-09 
99597 -85.1214 0.00214374 -6.30239e-06 -0.00266881 9.1833e-09 
99598 -85.1237 0.00209586 -6.30383e-06 -0.00267445 9.16295e-09 
99599 -85.126 0.00204907 -6.30522e-06 -0.00268006 9.1428e-09 
99600 -85.1282 0.00200335 -6.30654e-06 -0.00268564 9.12284e-09 
99601 -85.1305 0.00195868 -6.30781e-06 -0.00269119 9.10306e-09 
99602 -85.1327 0.00191502 -6.30902e-06 -0.00269671 9.08348e-09 
99603 -85.1349 0.00187236 -6.31018e-06 -0.00270221 9.06408e-09 
99604 -85.1371 0.00183067 -6.31129e-06 -0.00270768 9.04487e-09 
99605 -85.1393 0.00178993 -6.31234e-06 -0.00271312 9.02583e-09 
99606 -85.1414 0.00175011 -6.31334e-06 -0.00271853 9.00698e-09 
99607 -85.1435 0.00171121 -6.31429e-06 -0.00272391 8.98831e-09 
99608 -85.1457 0.00167319 -6.31519e-06 -0.00272927 8.96981e-09 
99609 -85.1477 0.00163603 -6.31605e-06 -0.0027346 8.95149e-09 
99610 -85.1498 0.00159972 -6.31686e-06 -0.0027399 8.93335e-09 
99611 -85.1519 0.00156424 -6.31762e-06 -0.00274517 8.91537e-09 
99612 -85.1539 0.00152956 -6.31834e-06 -0.00275042 8.89756e-09 
99613 -85.1559 0.00149567 -6.31901e-06 -0.00275564 8.87993e-09 
99614 -85.1579 0.00146255 -6.31964e-06 -0.00276084 8.86245e-09 
99615 -85.1599 0.00143018 -6.32023e-06 -0.00276601 8.84515e-09 
99616 -85.1619 0.00139854 -6.32078e-06 -0.00277115 8.82801e-09 
99617 -85.1638 0.00136762 -6.32129e-06 -0.00277626 8.81102e-09 
99618 -85.1658 0.00133741 -6.32176e-06 -0.00278135 8.7942e-09 
99619 -85.1677 0.00130788 -6.3222e-06 -0.00278642 8.77754e-09 
99620 -85.1696 0.00127902 -6.32259e-06 -0.00279146 8.76103e-09 
99621 -85.1715 0.00125081 -6.32295e-06 -0.00279647 8.74468e-09 
99622 -85.1733 0.00122324 -6.32328e-06 -0.00280146 8.72848e-09 
99623 -85.1752 0.00119629 -6.32357e-06 -0.00280642 8.71244e-09 
99624 -85.177 0.00116996 -6.32383e-06 -0.00281136 8.69654e-09 
99625 -85.1788 0.00114422 -6.32405e-06 -0.00281627 8.6808e-09 
99626 -85.1806 0.00111906 -6.32424e-06 -0.00282116 8.6652e-09 
99627 -85.1824 0.00109447 -6.3244e-06 -0.00282602 8.64974e-09 
99628 -85.1842 0.00107043 -6.32453e-06 -0.00283086 8.63444e-09 
99629 -85.1859 0.00104694 -6.32463e-06 -0.00283567 8.61927e-09 
99630 -85.1877 0.00102398 -6.3247e-06 -0.00284046 8.60425e-09 
99631 -85.1894 0.00100154 -6.32474e-06 -0.00284523 8.58936e-09 
99632 -85.1911 0.000979601 -6.32476e-06 -0.00284997 8.57462e-09 
99633 -85.1928 0.000958159 -6.32474e-06 -0.00285469 8.56001e-09 
99634 -85.1945 0.0009372 -6.3247e-06 -0.00285938 8.54554e-09 
99635 -85.1962 0.000916714 -6.32464e-06 -0.00286405 8.53121e-09 
99636 -85.1978 0.000896689 -6.32455e-06 -0.0028687 8.517e-09 
99637 -85.1994 0.000877116 -6.32443e-06 -0.00287332 8.50293e-09 
99638 -85.2011 0.000857983 -6.32429e-06 -0.00287793 8.48899e-09 
99639 -85.2027 0.00083928 -6.32413e-06 -0.0028825 8.47518e-09 
99640 -85.2043 0.000820998 -6.32394e-06 -0.00288706 8.4615e-09 
99641 -85.2058 0.000803127 -6.32374e-06 -0.00289159 8.44794e-09 
99642 -85.2074 0.000785658 -6.32351e-06 -0.0028961 8.43451e-09 
99643 -85.209 0.000768582 -6.32326e-06 -0.00290059 8.4212e-09 
99644 -85.2105 0.000751889 -6.32298e-06 -0.00290505 8.40801e-09 
99645 -85.212 0.000735571 -6.32269e-06 -0.00290949 8.39495e-09 
99646 -85.2135 0.000719619 -6.32238e-06 -0.00291391 8.38201e-09 
99647 -85.215 0.000704025 -6.32205e-06 -0.00291831 8.36918e-09 
99648 -85.2165 0.000688781 -6.3217e-06 -0.00292268 8.35648e-09 
99649 -85.218 0.000673879 -6.32133e-06 -0.00292704 8.34389e-09 
99650 -85.2194 0.000659311 -6.32094e-06 -0.00293137 8.33142e-09 
99651 -85.2209 0.000645069 -6.32054e-06 -0.00293568 8.31906e-09 
99652 -85.2223 0.000631146 -6.32012e-06 -0.00293997 8.30681e-09 
99653 -85.2237 0.000617535 -6.31968e-06 -0.00294424 8.29468e-09 
99654 -85.2251 0.000604229 -6.31923e-06 -0.00294848 8.28265e-09 
99655 -85.2265 0.000591221 -6.31876e-06 -0.00295271 8.27074e-09 
99656 -85.2279 0.000578503 -6.31828e-06 -0.00295691 8.25894e-09 
99657 -85.2293 0.00056607 -6.31778e-06 -0.0029611 8.24724e-09 
99658 -85.2307 0.000553915 -6.31727e-06 -0.00296526 8.23565e-09 
99659 -85.232 0.000542031 -6.31674e-06 -0.0029694 8.22417e-09 
99660 -85.2333 0.000530413 -6.3162e-06 -0.00297352 8.21279e-09 
99661 -85.2347 0.000519055 -6.31564e-06 -0.00297762 8.20151e-09 
99662 -85.236 0.00050795 -6.31508e-06 -0.0029817 8.19033e-09 
99663 -85.2373 0.000497093 -6.3145e-06 -0.00298576 8.17926e-09 
99664 -85.2386 0.000486478 -6.31391e-06 -0.0029898 8.16829e-09 
99665 -85.2399 0.000476099 -6.3133e-06 -0.00299382 8.15741e-09 
99666 -85.2411 0.000465953 -6.31269e-06 -0.00299782 8.14664e-09 
99667 -85.2424 0.000456032 -6.31206e-06 -0.0030018 8.13596e-09 
99668 -85.2436 0.000446332 -6.31142e-06 -0.00300576 8.12538e-09 
99669 -85.2449 0.000436849 -6.31077e-06 -0.0030097 8.11489e-09 
99670 -85.2461 0.000427576 -6.31011e-06 -0.00301362 8.1045e-09 
99671 -85.2473 0.00041851 -6.30945e-06 -0.00301752 8.0942e-09 
99672 -85.2485 0.000409646 -6.30877e-06 -0.00302141 8.08399e-09 
99673 -85.2497 0.000400979 -6.30808e-06 -0.00302527 8.07388e-09 
99674 -85.2509 0.000392505 -6.30738e-06 -0.00302911 8.06385e-09 
99675 -85.2521 0.000384219 -6.30668e-06 -0.00303294 8.05392e-09 
99676 -85.2532 0.000376117 -6.30596e-06 -0.00303674 8.04407e-09 
99677 -85.2544 0.000368195 -6.30524e-06 -0.00304053 8.03431e-09 
99678 -85.2555 0.000360449 -6.30451e-06 -0.0030443 8.02464e-09 
99679 -85.2567 0.000352876 -6.30377e-06 -0.00304805 8.01506e-09 
99680 -85.2578 0.00034547 -6.30302e-06 -0.00305178 8.00556e-09 
99681 -85.2589 0.000338228 -6.30227e-06 -0.00305549 7.99614e-09 
99682 -85.26 0.000331148 -6.30151e-06 -0.00305918 7.98681e-09 
99683 -85.2611 0.000324224 -6.30074e-06 -0.00306286 7.97756e-09 
99684 -85.2622 0.000317454 -6.29997e-06 -0.00306652 7.9684e-09 
99685 -85.2633 0.000310833 -6.29918e-06 -0.00307016 7.95931e-09 
99686 -85.2644 0.00030436 -6.2984e-06 -0.00307378 7.95031e-09 
99687 -85.2654 0.00029803 -6.2976e-06 -0.00307738 7.94138e-09 
99688 -85.2665 0.00029184 -6.2968e-06 -0.00308097 7.93253e-09 
99689 -85.2675 0.000285787 -6.296e-06 -0.00308453 7.92376e-09 
99690 -85.2685 0.000279868 -6.29519e-06 -0.00308808 7.91507e-09 
99691 -85.2696 0.000274079 -6.29437e-06 -0.00309162 7.90646e-09 
99692 -85.2706 0.000268419 -6.29355e-06 -0.00309513 7.89792e-09 
99693 -85.2716 0.000262884 -6.29273e-06 -0.00309863 7.88945e-09 
99694 -85.2726 0.000257472 -6.2919e-06 -0.00310211 7.88106e-09 
99695 -85.2736 0.000252179 -6.29106e-06 -0.00310557 7.87274e-09 
99696 -85.2746 0.000247003 -6.29023e-06 -0.00310902 7.8645e-09 
99697 -85.2755 0.000241941 -6.28938e-06 -0.00311245 7.85632e-09 
99698 -85.2765 0.000236991 -6.28854e-06 -0.00311586 7.84822e-09 
99699 -85.2775 0.00023215 -6.28769e-06 -0.00311926 7.84019e-09 
99700 -85.2784 0.000227416 -6.28683e-06 -0.00312264 7.83223e-09 
99701 -85.2794 0.000222787 -6.28597e-06 -0.003126 7.82434e-09 
99702 -85.2803 0.000218259 -6.28511e-06 -0.00312934 7.81652e-09 
99703 -85.2812 0.000213831 -6.28425e-06 -0.00313267 7.80876e-09 
99704 -85.2821 0.000209501 -6.28338e-06 -0.00313599 7.80107e-09 
99705 -85.283 0.000205267 -6.28251e-06 -0.00313928 7.79345e-09 
99706 -85.2839 0.000201125 -6.28164e-06 -0.00314256 7.78589e-09 
99707 -85.2848 0.000197075 -6.28076e-06 -0.00314583 7.7784e-09 
99708 -85.2857 0.000193114 -6.27989e-06 -0.00314907 7.77097e-09 
99709 -85.2866 0.00018924 -6.27901e-06 -0.00315231 7.76361e-09 
99710 -85.2875 0.000185452 -6.27812e-06 -0.00315552 7.75631e-09 
99711 -85.2884 0.000181747 -6.27724e-06 -0.00315872 7.74907e-09 
99712 -85.2892 0.000178123 -6.27635e-06 -0.00316191 7.7419e-09 
99713 -85.2901 0.000174579 -6.27546e-06 -0.00316507 7.73479e-09 
99714 -85.2909 0.000171112 -6.27457e-06 -0.00316823 7.72773e-09 
99715 -85.2918 0.000167722 -6.27368e-06 -0.00317136 7.72074e-09 
99716 -85.2926 0.000164407 -6.27279e-06 -0.00317449 7.71381e-09 
99717 -85.2934 0.000161164 -6.2719e-06 -0.00317759 7.70693e-09 
99718 -85.2942 0.000157992 -6.271e-06 -0.00318068 7.70012e-09 
99719 -85.295 0.000154891 -6.2701e-06 -0.00318376 7.69336e-09 
99720 -85.2958 0.000151857 -6.2692e-06 -0.00318682 7.68666e-09 
99721 -85.2966 0.000148889 -6.26831e-06 -0.00318986 7.68002e-09 
99722 -85.2974 0.000145987 -6.26741e-06 -0.0031929 7.67343e-09 
99723 -85.2982 0.000143148 -6.26651e-06 -0.00319591 7.6669e-09 
99724 -85.299 0.000140372 -6.2656e-06 -0.00319891 7.66042e-09 
99725 -85.2998 0.000137657 -6.2647e-06 -0.0032019 7.654e-09 
99726 -85.3005 0.000135 -6.2638e-06 -0.00320487 7.64763e-09 
99727 -85.3013 0.000132403 -6.2629e-06 -0.00320783 7.64132e-09 
99728 -85.302 0.000129862 -6.26199e-06 -0.00321077 7.63505e-09 
99729 -85.3028 0.000127376 -6.26109e-06 -0.00321369 7.62885e-09 
99730 -85.3035 0.000124945 -6.26019e-06 -0.00321661 7.62269e-09 
99731 -85.3043 0.000122568 -6.25928e-06 -0.00321951 7.61658e-09 
99732 -85.305 0.000120242 -6.25838e-06 -0.00322239 7.61053e-09 
99733 -85.3057 0.000117967 -6.25748e-06 -0.00322526 7.60452e-09 
99734 -85.3064 0.000115742 -6.25657e-06 -0.00322812 7.59857e-09 
99735 -85.3072 0.000113565 -6.25567e-06 -0.00323096 7.59267e-09 
99736 -85.3079 0.000111436 -6.25477e-06 -0.00323379 7.58681e-09 
99737 -85.3086 0.000109354 -6.25387e-06 -0.0032366 7.581e-09 
99738 -85.3093 0.000107317 -6.25296e-06 -0.0032394 7.57524e-09 
99739 -85.3099 0.000105325 -6.25206e-06 -0.00324219 7.56953e-09 
99740 -85.3106 0.000103376 -6.25116e-06 -0.00324496 7.56387e-09 
99741 -85.3113 0.000101469 -6.25026e-06 -0.00324772 7.55825e-09 
99742 -85.312 9.96043e-05 -6.24936e-06 -0.00325046 7.55268e-09 
99743 -85.3126 9.77802e-05 -6.24846e-06 -0.0032532 7.54715e-09 
99744 -85.3133 9.59958e-05 -6.24757e-06 -0.00325591 7.54167e-09 
99745 -85.314 9.42503e-05 -6.24667e-06 -0.00325862 7.53624e-09 
99746 -85.3146 9.25429e-05 -6.24577e-06 -0.00326131 7.53085e-09 
99747 -85.3153 9.08727e-05 -6.24488e-06 -0.00326399 7.5255e-09 
99748 -85.3159 8.92389e-05 -6.24398e-06 -0.00326665 7.5202e-09 
99749 -85.3165 8.76407e-05 -6.24309e-06 -0.00326931 7.51494e-09 
99750 -85.3172 8.60773e-05 -6.2422e-06 -0.00327195 7.50972e-09 
99751 -85.3178 8.4548e-05 -6.24131e-06 -0.00327457 7.50455e-09 
99752 -85.3184 8.30519e-05 -6.24042e-06 -0.00327718 7.49942e-09 
99753 -85.319 8.15884e-05 -6.23953e-06 -0.00327979 7.49432e-09 
99754 -85.3196 8.01567e-05 -6.23864e-06 -0.00328237 7.48927e-09 
99755 -85.3203 7.87561e-05 -6.23776e-06 -0.00328495 7.48427e-09 
99756 -85.3209 7.7386e-05 -6.23688e-06 -0.00328751 7.4793e-09 
99757 -85.3215 7.60458e-05 -6.23599e-06 -0.00329006 7.47437e-09 
99758 -85.322 7.47346e-05 -6.23511e-06 -0.00329259 7.46948e-09 
99759 -85.3226 7.34519e-05 -6.23423e-06 -0.00329512 7.46463e-09 
99760 -85.3232 7.21971e-05 -6.23335e-06 -0.00329763 7.45982e-09 
99761 -85.3238 7.09695e-05 -6.23248e-06 -0.00330013 7.45505e-09 
99762 -85.3244 6.97686e-05 -6.2316e-06 -0.00330262 7.45031e-09 
99763 -85.3249 6.85938e-05 -6.23073e-06 -0.00330509 7.44562e-09 
99764 -85.3255 6.74445e-05 -6.22986e-06 -0.00330755 7.44096e-09 
99765 -85.3261 6.63201e-05 -6.22899e-06 -0.00331 7.43634e-09 
99766 -85.3266 6.52201e-05 -6.22812e-06 -0.00331244 7.43175e-09 
99767 -85.3272 6.41439e-05 -6.22725e-06 -0.00331487 7.4272e-09 
99768 -85.3277 6.30911e-05 -6.22639e-06 -0.00331728 7.42269e-09 
99769 -85.3283 6.20611e-05 -6.22553e-06 -0.00331969 7.41821e-09 
99770 -85.3288 6.10535e-05 -6.22467e-06 -0.00332208 7.41377e-09 
99771 -85.3294 6.00676e-05 -6.22381e-06 -0.00332446 7.40936e-09 
99772 -85.3299 5.91032e-05 -6.22295e-06 -0.00332682 7.40499e-09 
99773 -85.3304 5.81596e-05 -6.2221e-06 -0.00332918 7.40065e-09 
99774 -85.3309 5.72364e-05 -6.22124e-06 -0.00333152 7.39635e-09 
99775 -85.3315 5.63332e-05 -6.22039e-06 -0.00333385 7.39208e-09 
99776 -85.332 5.54496e-05 -6.21955e-06 -0.00333617 7.38784e-09 
99777 -85.3325 5.45851e-05 -6.2187e-06 -0.00333848 7.38364e-09 
99778 -85.333 5.37392e-05 -6.21785e-06 -0.00334078 7.37947e-09 
99779 -85.3335 5.29117e-05 -6.21701e-06 -0.00334307 7.37533e-09 
99780 -85.334 5.21021e-05 -6.21617e-06 -0.00334534 7.37122e-09 
99781 -85.3345 5.13099e-05 -6.21533e-06 -0.00334761 7.36715e-09 
99782 -85.335 5.05349e-05 -6.2145e-06 -0.00334986 7.36311e-09 
99783 -85.3355 4.97766e-05 -6.21366e-06 -0.0033521 7.3591e-09 
99784 -85.336 4.90347e-05 -6.21283e-06 -0.00335433 7.35512e-09 
99785 -85.3364 4.83088e-05 -6.212e-06 -0.00335655 7.35117e-09 
99786 -85.3369 4.75986e-05 -6.21118e-06 -0.00335876 7.34725e-09 
99787 -85.3374 4.69037e-05 -6.21035e-06 -0.00336096 7.34336e-09 
99788 -85.3379 4.62238e-05 -6.20953e-06 -0.00336314 7.3395e-09 
99789 -85.3383 4.55586e-05 -6.20871e-06 -0.00336532 7.33567e-09 
99790 -85.3388 4.49077e-05 -6.20789e-06 -0.00336748 7.33186e-09 
99791 -85.3393 4.42709e-05 -6.20707e-06 -0.00336964 7.32809e-09 
99792 -85.3397 4.36478e-05 -6.20626e-06 -0.00337178 7.32435e-09 
99793 -85.3402 4.30381e-05 -6.20545e-06 -0.00337392 7.32063e-09 
99794 -85.3406 4.24415e-05 -6.20464e-06 -0.00337604 7.31695e-09 
99795 -85.3411 4.18578e-05 -6.20383e-06 -0.00337815 7.31329e-09 
99796 -85.3415 4.12866e-05 -6.20303e-06 -0.00338025 7.30966e-09 
99797 -85.3419 4.07278e-05 -6.20223e-06 -0.00338234 7.30605e-09 
99798 -85.3424 4.0181e-05 -6.20143e-06 -0.00338443 7.30248e-09 
99799 -85.3428 3.96459e-05 -6.20063e-06 -0.0033865 7.29893e-09 
99800 -85.3433 3.91224e-05 -6.19984e-06 -0.00338856 7.2954e-09 
99801 -85.3437 3.86101e-05 -6.19905e-06 -0.00339061 7.29191e-09 
99802 -85.3441 3.81088e-05 -6.19826e-06 -0.00339265 7.28844e-09 
99803 -85.3445 3.76183e-05 -6.19747e-06 -0.00339468 7.28499e-09 
99804 -85.3449 3.71383e-05 -6.19668e-06 -0.0033967 7.28157e-09 
99805 -85.3454 3.66687e-05 -6.1959e-06 -0.00339871 7.27818e-09 
99806 -85.3458 3.62091e-05 -6.19512e-06 -0.00340071 7.27481e-09 
99807 -85.3462 3.57594e-05 -6.19434e-06 -0.0034027 7.27147e-09 
99808 -85.3466 3.53193e-05 -6.19357e-06 -0.00340468 7.26815e-09 
99809 -85.347 3.48887e-05 -6.1928e-06 -0.00340665 7.26485e-09 
99810 -85.3474 3.44674e-05 -6.19203e-06 -0.00340861 7.26158e-09 
99811 -85.3478 3.4055e-05 -6.19126e-06 -0.00341056 7.25833e-09 
99812 -85.3482 3.36515e-05 -6.19049e-06 -0.0034125 7.25511e-09 
99813 -85.3486 3.32567e-05 -6.18973e-06 -0.00341443 7.25191e-09 
99814 -85.349 3.28703e-05 -6.18897e-06 -0.00341636 7.24874e-09 
99815 -85.3494 3.24922e-05 -6.18821e-06 -0.00341827 7.24559e-09 
99816 -85.3497 3.21222e-05 -6.18746e-06 -0.00342017 7.24246e-09 
99817 -85.3501 3.17601e-05 -6.18671e-06 -0.00342207 7.23935e-09 
99818 -85.3505 3.14057e-05 -6.18596e-06 -0.00342395 7.23626e-09 
99819 -85.3509 3.1059e-05 -6.18521e-06 -0.00342583 7.2332e-09 
99820 -85.3513 3.07196e-05 -6.18446e-06 -0.00342769 7.23016e-09 
99821 -85.3516 3.03875e-05 -6.18372e-06 -0.00342955 7.22714e-09 
99822 -85.352 3.00626e-05 -6.18298e-06 -0.00343139 7.22415e-09 
99823 -85.3524 2.97445e-05 -6.18224e-06 -0.00343323 7.22117e-09 
99824 -85.3527 2.94333e-05 -6.18151e-06 -0.00343506 7.21822e-09 
99825 -85.3531 2.91287e-05 -6.18077e-06 -0.00343688 7.21529e-09 
99826 -85.3534 2.88306e-05 -6.18004e-06 -0.00343869 7.21237e-09 
99827 -85.3538 2.85388e-05 -6.17931e-06 -0.00344049 7.20948e-09 
99828 -85.3541 2.82533e-05 -6.17859e-06 -0.00344229 7.20661e-09 
99829 -85.3545 2.79739e-05 -6.17787e-06 -0.00344407 7.20376e-09 
99830 -85.3548 2.77004e-05 -6.17715e-06 -0.00344585 7.20093e-09 
99831 -85.3552 2.74328e-05 -6.17643e-06 -0.00344761 7.19812e-09 
99832 -85.3555 2.71708e-05 -6.17571e-06 -0.00344937 7.19533e-09 
99833 -85.3559 2.69145e-05 -6.175e-06 -0.00345112 7.19256e-09 
99834 -85.3562 2.66636e-05 -6.17429e-06 -0.00345286 7.18981e-09 
99835 -85.3566 2.6418e-05 -6.17358e-06 -0.00345459 7.18708e-09 
99836 -85.3569 2.61777e-05 -6.17287e-06 -0.00345631 7.18436e-09 
99837 -85.3572 2.59425e-05 -6.17217e-06 -0.00345803 7.18167e-09 
99838 -85.3575 2.57123e-05 -6.17147e-06 -0.00345974 7.17899e-09 
99839 -85.3579 2.5487e-05 -6.17077e-06 -0.00346143 7.17634e-09 
99840 -85.3582 2.52664e-05 -6.17008e-06 -0.00346312 7.1737e-09 
99841 -85.3585 2.50506e-05 -6.16938e-06 -0.0034648 7.17108e-09 
99842 -85.3588 2.48393e-05 -6.16869e-06 -0.00346647 7.16848e-09 
99843 -85.3592 2.46325e-05 -6.168e-06 -0.00346814 7.16589e-09 
99844 -85.3595 2.44301e-05 -6.16732e-06 -0.00346979 7.16332e-09 
99845 -85.3598 2.4232e-05 -6.16663e-06 -0.00347144 7.16077e-09 
99846 -85.3601 2.40381e-05 -6.16595e-06 -0.00347308 7.15824e-09 
99847 -85.3604 2.38483e-05 -6.16527e-06 -0.00347471 7.15573e-09 
99848 -85.3607 2.36626e-05 -6.1646e-06 -0.00347633 7.15323e-09 
99849 -85.361 2.34807e-05 -6.16392e-06 -0.00347795 7.15075e-09 
99850 -85.3613 2.33027e-05 -6.16325e-06 -0.00347956 7.14829e-09 
99851 -85.3616 2.31285e-05 -6.16258e-06 -0.00348116 7.14584e-09 
99852 -85.3619 2.2958e-05 -6.16191e-06 -0.00348275 7.14341e-09 
99853 -85.3622 2.27911e-05 -6.16125e-06 -0.00348433 7.14099e-09 
99854 -85.3625 2.26277e-05 -6.16059e-06 -0.0034859 7.13859e-09 
99855 -85.3628 2.24677e-05 -6.15993e-06 -0.00348747 7.13621e-09 
99856 -85.3631 2.23111e-05 -6.15927e-06 -0.00348903 7.13384e-09 
99857 -85.3634 2.21579e-05 -6.15861e-06 -0.00349058 7.13149e-09 
99858 -85.3637 2.20078e-05 -6.15796e-06 -0.00349213 7.12916e-09 
99859 -85.364 2.1861e-05 -6.15731e-06 -0.00349366 7.12684e-09 
99860 -85.3643 2.17172e-05 -6.15666e-06 -0.00349519 7.12453e-09 
99861 -85.3646 2.15764e-05 -6.15602e-06 -0.00349671 7.12224e-09 
99862 -85.3648 2.14386e-05 -6.15537e-06 -0.00349822 7.11997e-09 
99863 -85.3651 2.13038e-05 -6.15473e-06 -0.00349973 7.11771e-09 
99864 -85.3654 2.11717e-05 -6.15409e-06 -0.00350123 7.11546e-09 
99865 -85.3657 2.10425e-05 -6.15346e-06 -0.00350272 7.11323e-09 
99866 -85.3659 2.09159e-05 -6.15282e-06 -0.0035042 7.11102e-09 
99867 -85.3662 2.0792e-05 -6.15219e-06 -0.00350568 7.10882e-09 
99868 -85.3665 2.06707e-05 -6.15156e-06 -0.00350715 7.10663e-09 
99869 -85.3668 2.0552e-05 -6.15093e-06 -0.00350861 7.10445e-09 
99870 -85.367 2.04357e-05 -6.15031e-06 -0.00351006 7.1023e-09 
99871 -85.3673 2.03219e-05 -6.14968e-06 -0.00351151 7.10015e-09 
99872 -85.3676 2.02105e-05 -6.14906e-06 -0.00351295 7.09802e-09 
99873 -85.3678 2.01014e-05 -6.14844e-06 -0.00351438 7.0959e-09 
99874 -85.3681 1.99946e-05 -6.14783e-06 -0.00351581 7.09379e-09 
99875 -85.3683 1.989e-05 -6.14721e-06 -0.00351722 7.0917e-09 
99876 -85.3686 1.97876e-05 -6.1466e-06 -0.00351863 7.08963e-09 
99877 -85.3688 1.96873e-05 -6.14599e-06 -0.00352004 7.08756e-09 
99878 -85.3691 1.95892e-05 -6.14538e-06 -0.00352144 7.08551e-09 
99879 -85.3694 1.94931e-05 -6.14478e-06 -0.00352283 7.08347e-09 
99880 -85.3696 1.9399e-05 -6.14418e-06 -0.00352421 7.08144e-09 
99881 -85.3699 1.93068e-05 -6.14357e-06 -0.00352558 7.07943e-09 
99882 -85.3701 1.92166e-05 -6.14297e-06 -0.00352695 7.07743e-09 
99883 -85.3704 1.91283e-05 -6.14238e-06 -0.00352832 7.07544e-09 
99884 -85.3706 1.90417e-05 -6.14178e-06 -0.00352967 7.07346e-09 
99885 -85.3708 1.8957e-05 -6.14119e-06 -0.00353102 7.0715e-09 
99886 -85.3711 1.88741e-05 -6.1406e-06 -0.00353236 7.06954e-09 
99887 -85.3713 1.87929e-05 -6.14001e-06 -0.0035337 7.0676e-09 
99888 -85.3716 1.87133e-05 -6.13943e-06 -0.00353502 7.06567e-09 
99889 -85.3718 1.86354e-05 -6.13884e-06 -0.00353635 7.06376e-09 
99890 -85.372 1.85592e-05 -6.13826e-06 -0.00353766 7.06185e-09 
99891 -85.3723 1.84845e-05 -6.13768e-06 -0.00353897 7.05996e-09 
99892 -85.3725 1.84113e-05 -6.1371e-06 -0.00354027 7.05808e-09 
99893 -85.3727 1.83397e-05 -6.13653e-06 -0.00354157 7.05621e-09 
99894 -85.373 1.82695e-05 -6.13595e-06 -0.00354286 7.05435e-09 
99895 -85.3732 1.82008e-05 -6.13538e-06 -0.00354414 7.0525e-09 
99896 -85.3734 1.81335e-05 -6.13481e-06 -0.00354541 7.05066e-09 
99897 -85.3737 1.80676e-05 -6.13424e-06 -0.00354668 7.04883e-09 
99898 -85.3739 1.80031e-05 -6.13368e-06 -0.00354795 7.04702e-09 
99899 -85.3741 1.79399e-05 -6.13311e-06 -0.0035492 7.04521e-09 
99900 -85.3743 1.7878e-05 -6.13255e-06 -0.00355046 7.04342e-09 
99901 -85.3746 1.78173e-05 -6.13199e-06 -0.0035517 7.04163e-09 
99902 -85.3748 1.77579e-05 -6.13143e-06 -0.00355294 7.03986e-09 
99903 -85.375 1.76998e-05 -6.13088e-06 -0.00355417 7.0381e-09 
99904 -85.3752 1.76428e-05 -6.13032e-06 -0.0035554 7.03634e-09 
99905 -85.3754 1.7587e-05 -6.12977e-06 -0.00355661 7.0346e-09 
99906 -85.3756 1.75323e-05 -6.12922e-06 -0.00355783 7.03287e-09 
99907 -85.3759 1.74788e-05 -6.12867e-06 -0.00355904 7.03115e-09 
99908 -85.3761 1.74263e-05 -6.12813e-06 -0.00356024 7.02943e-09 
99909 -85.3763 1.73749e-05 -6.12758e-06 -0.00356143 7.02773e-09 
99910 -85.3765 1.73246e-05 -6.12704e-06 -0.00356262 7.02604e-09 
99911 -85.3767 1.72753e-05 -6.1265e-06 -0.0035638 7.02435e-09 
99912 -85.3769 1.7227e-05 -6.12596e-06 -0.00356498 7.02268e-09 
99913 -85.3771 1.71796e-05 -6.12542e-06 -0.00356615 7.02102e-09 
99914 -85.3773 1.71333e-05 -6.12489e-06 -0.00356732 7.01936e-09 
99915 -85.3775 1.70878e-05 -6.12435e-06 -0.00356848 7.01771e-09 
99916 -85.3777 1.70433e-05 -6.12382e-06 -0.00356963 7.01608e-09 
99917 -85.3779 1.69997e-05 -6.12329e-06 -0.00357078 7.01445e-09 
99918 -85.3781 1.6957e-05 -6.12277e-06 -0.00357192 7.01283e-09 
99919 -85.3783 1.69152e-05 -6.12224e-06 -0.00357306 7.01122e-09 
99920 -85.3785 1.68742e-05 -6.12172e-06 -0.00357419 7.00962e-09 
99921 -85.3787 1.6834e-05 -6.12119e-06 -0.00357531 7.00803e-09 
99922 -85.3789 1.67946e-05 -6.12067e-06 -0.00357643 7.00645e-09 
99923 -85.3791 1.6756e-05 -6.12015e-06 -0.00357755 7.00487e-09 
99924 -85.3793 1.67182e-05 -6.11964e-06 -0.00357865 7.00331e-09 
99925 -85.3795 1.66812e-05 -6.11912e-06 -0.00357976 7.00175e-09 
99926 -85.3797 1.66449e-05 -6.11861e-06 -0.00358085 7.0002e-09 
99927 -85.3799 1.66093e-05 -6.1181e-06 -0.00358194 6.99866e-09 
99928 -85.3801 1.65745e-05 -6.11759e-06 -0.00358303 6.99713e-09 
99929 -85.3803 1.65403e-05 -6.11708e-06 -0.00358411 6.9956e-09 
99930 -85.3805 1.65068e-05 -6.11657e-06 -0.00358518 6.99409e-09 
99931 -85.3807 1.6474e-05 -6.11607e-06 -0.00358625 6.99258e-09 
99932 -85.3809 1.64418e-05 -6.11556e-06 -0.00358732 6.99108e-09 
99933 -85.3811 1.64103e-05 -6.11506e-06 -0.00358838 6.98959e-09 
99934 -85.3812 1.63794e-05 -6.11456e-06 -0.00358943 6.98811e-09 
99935 -85.3814 1.63491e-05 -6.11406e-06 -0.00359048 6.98663e-09 
99936 -85.3816 1.63194e-05 -6.11357e-06 -0.00359152 6.98516e-09 
99937 -85.3818 1.62903e-05 -6.11307e-06 -0.00359256 6.9837e-09 
99938 -85.382 1.62618e-05 -6.11258e-06 -0.00359359 6.98225e-09 
99939 -85.3822 1.62339e-05 -6.11208e-06 -0.00359462 6.9808e-09 
99940 -85.3823 1.62065e-05 -6.11159e-06 -0.00359564 6.97936e-09 
99941 -85.3825 1.61796e-05 -6.11111e-06 -0.00359665 6.97793e-09 
99942 -85.3827 1.61532e-05 -6.11062e-06 -0.00359766 6.97651e-09 
99943 -85.3829 1.61274e-05 -6.11013e-06 -0.00359867 6.97509e-09 
99944 -85.383 1.61021e-05 -6.10965e-06 -0.00359967 6.97368e-09 
99945 -85.3832 1.60773e-05 -6.10917e-06 -0.00360067 6.97228e-09 
99946 -85.3834 1.60529e-05 -6.10869e-06 -0.00360166 6.97089e-09 
99947 -85.3836 1.60291e-05 -6.10821e-06 -0.00360264 6.9695e-09 
99948 -85.3837 1.60056e-05 -6.10773e-06 -0.00360363 6.96812e-09 
99949 -85.3839 1.59827e-05 -6.10725e-06 -0.0036046 6.96674e-09 
99950 -85.3841 1.59602e-05 -6.10678e-06 -0.00360557 6.96538e-09 
99951 -85.3843 1.59381e-05 -6.10631e-06 -0.00360654 6.96401e-09 
99952 -85.3844 1.59165e-05 -6.10583e-06 -0.0036075 6.96266e-09 
99953 -85.3846 1.58953e-05 -6.10536e-06 -0.00360846 6.96131e-09 
99954 -85.3848 1.58744e-05 -6.10489e-06 -0.00360941 6.95997e-09 
99955 -85.3849 1.5854e-05 -6.10443e-06 -0.00361035 6.95864e-09 
99956 -85.3851 1.5834e-05 -6.10396e-06 -0.0036113 6.95731e-09 
99957 -85.3853 1.58143e-05 -6.1035e-06 -0.00361223 6.95599e-09 
99958 -85.3854 1.57951e-05 -6.10303e-06 -0.00361316 6.95467e-09 
99959 -85.3856 1.57762e-05 -6.10257e-06 -0.00361409 6.95337e-09 
99960 -85.3858 1.57576e-05 -6.10211e-06 -0.00361501 6.95206e-09 
99961 -85.3859 1.57394e-05 -6.10166e-06 -0.00361593 6.95077e-09 
99962 -85.3861 1.57216e-05 -6.1012e-06 -0.00361685 6.94948e-09 
99963 -85.3862 1.57041e-05 -6.10074e-06 -0.00361775 6.94819e-09 
99964 -85.3864 1.56869e-05 -6.10029e-06 -0.00361866 6.94692e-09 
99965 -85.3866 1.567e-05 -6.09983e-06 -0.00361956 6.94564e-09 
99966 -85.3867 1.56535e-05 -6.09938e-06 -0.00362045 6.94438e-09 
99967 -85.3869 1.56373e-05 -6.09893e-06 -0.00362134 6.94312e-09 
99968 -85.387 1.56213e-05 -6.09848e-06 -0.00362223 6.94186e-09 
99969 -85.3872 1.56057e-05 -6.09804e-06 -0.00362311 6.94061e-09 
99970 -85.3874 1.55904e-05 -6.09759e-06 -0.00362399 6.93937e-09 
99971 -85.3875 1.55753e-05 -6.09715e-06 -0.00362486 6.93813e-09 
99972 -85.3877 1.55605e-05 -6.0967e-06 -0.00362573 6.9369e-09 
99973 -85.3878 1.5546e-05 -6.09626e-06 -0.00362659 6.93568e-09 
99974 -85.388 1.55318e-05 -6.09582e-06 -0.00362745 6.93446e-09 
99975 -85.3881 1.55178e-05 -6.09538e-06 -0.0036283 6.93324e-09 
99976 -85.3883 1.55041e-05 -6.09494e-06 -0.00362915 6.93203e-09 
99977 -85.3884 1.54906e-05 -6.0945e-06 -0.00363 6.93083e-09 
99978 -85.3886 1.54774e-05 -6.09407e-06 -0.00363084 6.92963e-09 
99979 -85.3887 1.54644e-05 -6.09363e-06 -0.00363168 6.92843e-09 
99980 -85.3889 1.54517e-05 -6.0932e-06 -0.00363251 6.92725e-09 
99981 -85.389 1.54392e-05 -6.09277e-06 -0.00363334 6.92606e-09 
99982 -85.3892 1.54269e-05 -6.09234e-06 -0.00363416 6.92488e-09 
99983 -85.3893 1.54148e-05 -6.09191e-06 -0.00363499 6.92371e-09 
99984 -85.3895 1.5403e-05 -6.09148e-06 -0.0036358 6.92254e-09 
99985 -85.3896 1.53913e-05 -6.09105e-06 -0.00363661 6.92138e-09 
99986 -85.3898 1.53799e-05 -6.09063e-06 -0.00363742 6.92022e-09 
99987 -85.3899 1.53686e-05 -6.0902e-06 -0.00363822 6.91907e-09 
99988 -85.3901 1.53576e-05 -6.08978e-06 -0.00363902 6.91792e-09 
99989 -85.3902 1.53468e-05 -6.08936e-06 -0.00363982 6.91678e-09 
99990 -85.3903 1.53361e-05 -6.08894e-06 -0.00364061 6.91564e-09 
99991 -85.3905 1.53257e-05 -6.08852e-06 -0.0036414 6.91451e-09 
99992 -85.3906 1.53154e-05 -6.0881e-06 -0.00364218 6.91338e-09 
99993 -85.3908 1.53053e-05 -6.08768e-06 -0.00364296 6.91225e-09 
99994 -85.3909 1.52954e-05 -6.08727e-06 -0.00364374 6.91113e-09 
99995 -85.3911 1.52856e-05 -6.08685e-06 -0.00364451 6.91002e-09 
99996 -85.3912 1.5276e-05 -6.08644e-06 -0.00364527 6.90891e-09 
99997 -85.3913 1.52666e-05 -6.08602e-06 -0.00364604 6.9078e-09 
99998 -85.3915 1.52573e-05 -6.08561e-06 -0.0036468 6.9067e-09 
99999 -85.3916 1.52482e-05 -6.0852e-06 -0.00364755 6.9056e-09 
