98950 -85.739 4.54611e-05 -4.97761e-06 -0.003596 4.13727e-09 
98951 -85.7391 4.54556e-05 -4.97741e-06 -0.00359624 4.13679e-09 
98952 -85.7392 4.545e-05 -4.97722e-06 -0.00359648 4.1363e-09 
98953 -85.7392 4.54444e-05 -4.97702e-06 -0.00359672 4.13582e-09 
98954 -85.7393 4.54389e-05 -4.97683e-06 -0.00359695 4.13534e-09 
98955 -85.7394 4.54334e-05 -4.97664e-06 -0.00359719 4.13486e-09 
98956 -85.7394 4.5428e-05 -4.97645e-06 -0.00359742 4.13438e-09 
98957 -85.7395 4.54225e-05 -4.97626e-06 -0.00359765 4.1339e-09 
98958 -85.7396 4.54171e-05 -4.97607e-06 -0.00359788 4.13342e-09 
98959 -85.7397 4.54117e-05 -4.97588e-06 -0.00359811 4.13295e-09 
98960 -85.7397 4.54063e-05 -4.97569e-06 -0.00359834 4.13248e-09 
98961 -85.7398 4.5401e-05 -4.9755e-06 -0.00359857 4.132e-09 
98962 -85.7399 4.53956e-05 -4.97531e-06 -0.00359879 4.13153e-09 
98963 -85.7399 4.53903e-05 -4.97512e-06 -0.00359902 4.13107e-09 
98964 -85.74 4.5385e-05 -4.97493e-06 -0.00359924 4.1306e-09 
98965 -85.7401 4.53797e-05 -4.97475e-06 -0.00359946 4.13013e-09 
98966 -85.7401 4.53745e-05 -4.97456e-06 -0.00359969 4.12967e-09 
98967 -85.7402 4.53693e-05 -4.97438e-06 -0.00359991 4.12921e-09 
98968 -85.7403 4.53641e-05 -4.97419e-06 -0.00360012 4.12875e-09 
98969 -85.7404 4.53589e-05 -4.97401e-06 -0.00360034 4.12829e-09 
98970 -85.7404 4.53537e-05 -4.97382e-06 -0.00360056 4.12783e-09 
98971 -85.7405 4.53486e-05 -4.97364e-06 -0.00360077 4.12737e-09 
98972 -85.7406 4.53434e-05 -4.97345e-06 -0.00360099 4.12692e-09 
98973 -85.7406 4.53383e-05 -4.97327e-06 -0.0036012 4.12646e-09 
98974 -85.7407 4.53332e-05 -4.97309e-06 -0.00360141 4.12601e-09 
98975 -85.7408 4.53282e-05 -4.97291e-06 -0.00360162 4.12556e-09 
98976 -85.7408 4.53231e-05 -4.97272e-06 -0.00360183 4.12511e-09 
98977 -85.7409 4.53181e-05 -4.97254e-06 -0.00360204 4.12466e-09 
98978 -85.741 4.53131e-05 -4.97236e-06 -0.00360225 4.12421e-09 
98979 -85.741 4.53081e-05 -4.97218e-06 -0.00360246 4.12377e-09 
98980 -85.7411 4.53031e-05 -4.972e-06 -0.00360266 4.12332e-09 
98981 -85.7412 4.52982e-05 -4.97182e-06 -0.00360286 4.12288e-09 
98982 -85.7412 4.52932e-05 -4.97164e-06 -0.00360307 4.12244e-09 
98983 -85.7413 4.52883e-05 -4.97147e-06 -0.00360327 4.122e-09 
98984 -85.7414 4.52834e-05 -4.97129e-06 -0.00360347 4.12156e-09 
98985 -85.7414 4.52785e-05 -4.97111e-06 -0.00360367 4.12112e-09 
98986 -85.7415 4.52736e-05 -4.97093e-06 -0.00360387 4.12068e-09 
98987 -85.7416 4.52688e-05 -4.97076e-06 -0.00360407 4.12025e-09 
98988 -85.7416 4.5264e-05 -4.97058e-06 -0.00360426 4.11981e-09 
98989 -85.7417 4.52591e-05 -4.97041e-06 -0.00360446 4.11938e-09 
98990 -85.7417 4.52543e-05 -4.97023e-06 -0.00360465 4.11895e-09 
98991 -85.7418 4.52496e-05 -4.97005e-06 -0.00360485 4.11852e-09 
98992 -85.7419 4.52448e-05 -4.96988e-06 -0.00360504 4.11809e-09 
98993 -85.7419 4.524e-05 -4.96971e-06 -0.00360523 4.11766e-09 
98994 -85.742 4.52353e-05 -4.96953e-06 -0.00360542 4.11723e-09 
98995 -85.7421 4.52306e-05 -4.96936e-06 -0.00360561 4.11681e-09 
98996 -85.7421 4.52259e-05 -4.96919e-06 -0.0036058 4.11638e-09 
98997 -85.7422 4.52212e-05 -4.96901e-06 -0.00360598 4.11596e-09 
98998 -85.7423 4.52165e-05 -4.96884e-06 -0.00360617 4.11554e-09 
98999 -85.7423 4.52118e-05 -4.96867e-06 -0.00360636 4.11512e-09 
99000 -85.7424 4.52072e-05 -4.9685e-06 -0.00360654 4.1147e-09 
99001 18.6459 0.0254246 -234.298 -1.95195 0.0577177 
99002 33.7991 2.96608 -0.00351021 -6.33767 13.9975 
99003 24.1059 2.72017 -6.3745e-07 -9.63549 12.024 
99004 20.2626 2.19068 -3.10573e-10 -10.1542 8.97912 
99005 19.0577 1.75919 -2.76938e-13 -8.3554 6.78004 
99006 17.7554 1.40627 -2.06778e-14 -5.92831 5.15754 
99007 16.5878 1.13185 -6.0115e-15 -4.8597 3.93608 
99008 15.9146 0.928709 -1.66609e-15 -4.17542 3.04537 
99009 15.6173 0.780695 -4.31359e-16 -3.67422 2.40231 
99010 15.5746 0.673854 -1.06883e-16 -3.2981 1.93646 
99011 15.6977 0.597436 -2.71024e-17 -3.00938 1.59484 
99012 15.9236 0.543421 -8.33097e-18 -2.78219 1.33931 
99013 16.2095 0.505896 -3.84465e-18 -2.59933 1.14303 
99014 16.5271 0.480523 -2.55864e-18 -2.44949 0.987521 
99015 16.8586 0.464114 -1.99654e-18 -2.32525 0.860351 
99016 17.1939 0.454322 -1.63042e-18 -2.22177 0.753337 
99017 17.5277 0.449416 -1.34746e-18 -2.13602 0.661208 
99018 17.8582 0.448111 -1.11832e-18 -2.06634 0.580611 
99019 18.1863 0.449451 -9.30144e-19 -2.01174 0.509417 
99020 18.5138 0.452714 -7.74266e-19 -1.97032 0.446229 
99021 18.8412 0.45735 -6.44585e-19 -1.93711 0.390057 
99022 19.1644 0.462934 -5.37406e-19 -1.90575 0.340093 
99023 19.4763 0.469154 -4.50244e-19 -1.87382 0.295639 
99024 19.7711 0.475802 -3.80411e-19 -1.84251 0.25611 
99025 20.0458 0.482746 -3.24865e-19 -1.81323 0.221041 
99026 20.2992 0.489899 -2.80715e-19 -1.78659 0.190047 
99027 20.5309 0.497202 -2.45528e-19 -1.7627 0.162793 
99028 20.7411 0.504615 -2.17376e-19 -1.74148 0.138964 
99029 20.9302 0.512107 -1.94767e-19 -1.72274 0.118253 
99030 21.0988 0.519655 -1.76555e-19 -1.70629 0.100357 
99031 21.2475 0.527241 -1.6186e-19 -1.69195 0.0849818 
99032 21.3773 0.534851 -1.50002e-19 -1.67952 0.0718432 
99033 21.489 0.542475 -1.40455e-19 -1.66885 0.060672 
99034 21.5836 0.550101 -1.32806e-19 -1.65976 0.0512176 
99035 21.6621 0.557722 -1.26735e-19 -1.65213 0.0432501 
99036 21.7255 0.56533 -1.21987e-19 -1.64579 0.0365616 
99037 21.775 0.572916 -1.18362e-19 -1.64064 0.0309664 
99038 21.8116 0.580475 -1.15699e-19 -1.63655 0.0263006 
99039 21.8362 0.587997 -1.13871e-19 -1.63341 0.0224208 
99040 21.85 0.595478 -1.12777e-19 -1.63112 0.0192029 
99041 21.8538 0.602909 -1.12334e-19 -1.62958 0.0165403 
99042 21.8486 0.610284 -1.12477e-19 -1.62871 0.0143417 
99043 21.8352 0.617597 -1.13153e-19 -1.62842 0.0125299 
99044 21.8144 0.624842 -1.14321e-19 -1.62866 0.0110396 
99045 21.7869 0.632014 -1.15948e-19 -1.62934 0.0098159 
99046 21.7534 0.639107 -1.18006e-19 -1.63042 0.00881299 
99047 21.7144 0.646118 -1.20476e-19 -1.63183 0.00799258 
99048 21.6706 0.653042 -1.23343e-19 -1.63352 0.00732282 
99049 21.6225 0.659876 -1.26596e-19 -1.63546 0.00677735 
99050 21.5704 0.666617 -1.30229e-19 -1.6376 0.00633431 
99051 21.5149 0.673264 -1.34237e-19 -1.6399 0.00597567 
99052 21.4561 0.679814 -1.3862e-19 -1.64234 0.00568655 
99053 21.3946 0.686267 -1.43381e-19 -1.64488 0.0054547 
99054 21.3304 0.692623 -1.48524e-19 -1.6475 0.00527002 
99055 21.264 0.69888 -1.54058e-19 -1.65018 0.00512421 
99056 21.1954 0.70504 -1.59992e-19 -1.65289 0.00501047 
99057 21.1249 0.711104 -1.66338e-19 -1.65562 0.00492319 
99058 21.0526 0.717073 -1.73113e-19 -1.65836 0.00485777 
99059 20.9786 0.722949 -1.80333e-19 -1.66108 0.00481044 
99060 20.9031 0.728733 -1.88018e-19 -1.66379 0.00477808 
99061 20.8261 0.734428 -1.96191e-19 -1.66646 0.00475815 
99062 20.7478 0.740036 -2.04878e-19 -1.66909 0.00474856 
99063 20.6682 0.74556 -2.14107e-19 -1.67167 0.00474758 
99064 20.5873 0.751004 -2.23909e-19 -1.6742 0.00475381 
99065 20.5052 0.75637 -2.34321e-19 -1.67666 0.00476608 
99066 20.4219 0.761661 -2.4538e-19 -1.67906 0.00478344 
99067 20.3374 0.766881 -2.57129e-19 -1.6814 0.00480511 
99068 20.2517 0.772033 -2.69615e-19 -1.68366 0.00483042 
99069 20.1649 0.777121 -2.82889e-19 -1.68585 0.00485887 
99070 20.0769 0.782148 -2.97008e-19 -1.68796 0.00489001 
99071 19.9878 0.787118 -3.12032e-19 -1.69 0.00492347 
99072 19.8974 0.792035 -3.2803e-19 -1.69196 0.00495898 
99073 19.8059 0.796902 -3.45076e-19 -1.69384 0.00499628 
99074 19.7131 0.801723 -3.6325e-19 -1.69565 0.00503518 
99075 19.6191 0.806502 -3.82641e-19 -1.69738 0.00507551 
99076 19.5239 0.811242 -4.03346e-19 -1.69904 0.00511715 
99077 19.4273 0.815946 -4.25473e-19 -1.70062 0.00515998 
99078 19.3295 0.820619 -4.49137e-19 -1.70213 0.00520393 
99079 19.2302 0.825265 -4.74468e-19 -1.70356 0.00524891 
99080 19.1296 0.829886 -5.01607e-19 -1.70493 0.00529487 
99081 19.0276 0.834486 -5.30708e-19 -1.70622 0.00534178 
99082 18.9241 0.839068 -5.61942e-19 -1.70745 0.00538959 
99083 18.8192 0.843637 -5.95498e-19 -1.70861 0.00543827 
99084 18.7127 0.848195 -6.31583e-19 -1.70971 0.00548781 
99085 18.6046 0.852746 -6.70426e-19 -1.71075 0.00553818 
99086 18.495 0.857294 -7.12279e-19 -1.71172 0.00558939 
99087 18.3837 0.86184 -7.57422e-19 -1.71264 0.00564142 
99088 18.2707 0.86639 -8.06164e-19 -1.7135 0.00569426 
99089 18.156 0.870946 -8.58849e-19 -1.71431 0.00574793 
99090 18.0395 0.875512 -9.15858e-19 -1.71506 0.00580241 
99091 17.9213 0.88009 -9.77615e-19 -1.71576 0.00585771 
99092 17.8012 0.884684 -1.04459e-18 -1.71642 0.00591383 
99093 17.6791 0.889297 -1.11731e-18 -1.71703 0.00597078 
99094 17.5552 0.893932 -1.19636e-18 -1.71759 0.00602856 
99095 17.4292 0.898593 -1.28239e-18 -1.71811 0.00608719 
99096 17.3012 0.903282 -1.37614e-18 -1.71859 0.00614665 
99097 17.1711 0.908003 -1.47843e-18 -1.71902 0.00620697 
99098 17.0388 0.91276 -1.59017e-18 -1.71942 0.00626815 
99099 16.9043 0.917555 -1.71242e-18 -1.71979 0.0063302 
99100 16.7676 0.922392 -1.84632e-18 -1.72012 0.00639312 
99101 16.6286 0.927274 -1.99321e-18 -1.72042 0.00645692 
99102 16.4872 0.932204 -2.15456e-18 -1.72068 0.00652162 
99103 16.3433 0.937186 -2.33206e-18 -1.72092 0.00658721 
99104 16.1969 0.942223 -2.52761e-18 -1.72112 0.00665371 
99105 16.048 0.947319 -2.74338e-18 -1.7213 0.00672113 
99106 15.8964 0.952478 -2.98184e-18 -1.72146 0.00678946 
99107 15.7421 0.957702 -3.2458e-18 -1.72158 0.00685873 
99108 15.585 0.962997 -3.53846e-18 -1.72169 0.00692893 
99109 15.425 0.968365 -3.86351e-18 -1.72177 0.00700009 
99110 15.2621 0.97381 -4.22516e-18 -1.72183 0.00707219 
99111 15.0961 0.979338 -4.62825e-18 -1.72187 0.00714526 
99112 14.927 0.984952 -5.07837e-18 -1.72189 0.00721931 
99113 14.7547 0.990655 -5.58197e-18 -1.72189 0.00729433 
99114 14.579 0.996454 -6.14652e-18 -1.72187 0.00737035 
99115 14.3999 1.00235 -6.78066e-18 -1.72183 0.00744737 
99116 14.2173 1.00835 -7.49448e-18 -1.72177 0.00752541 
99117 14.031 1.01447 -8.29973e-18 -1.72169 0.00760448 
99118 13.841 1.02069 -9.21014e-18 -1.7216 0.00768458 
99119 13.647 1.02704 -1.02418e-17 -1.72148 0.00776575 
99120 13.449 1.03351 -1.14137e-17 -1.72135 0.00784798 
99121 13.2469 1.04012 -1.27481e-17 -1.72119 0.00793131 
99122 13.0404 1.04686 -1.42715e-17 -1.72101 0.00801576 
99123 12.8294 1.05375 -1.60152e-17 -1.72081 0.00810134 
99124 12.6138 1.06079 -1.80164e-17 -1.72058 0.00818809 
99125 12.3934 1.06799 -2.03199e-17 -1.72033 0.00827603 
99126 12.168 1.07535 -2.29789e-17 -1.72005 0.0083652 
99127 11.9374 1.08289 -2.60576e-17 -1.71974 0.00845565 
99128 11.7014 1.09061 -2.96338e-17 -1.71939 0.00854741 
99129 11.4598 1.09853 -3.38011e-17 -1.71901 0.00864053 
99130 11.2124 1.10665 -3.86741e-17 -1.71858 0.00873508 
99131 10.9589 1.11498 -4.43924e-17 -1.71811 0.00883112 
99132 10.699 1.12353 -5.11273e-17 -1.71758 0.00892873 
99133 10.4325 1.13232 -5.90901e-17 -1.717 0.00902799 
99134 10.1591 1.14135 -6.85423e-17 -1.71635 0.00912901 
99135 9.87844 1.15065 -7.98093e-17 -1.71563 0.0092319 
99136 9.59024 1.16021 -9.3298e-17 -1.71484 0.00933679 
99137 9.29412 1.17007 -1.0952e-16 -1.71395 0.00944384 
99138 8.9897 1.18023 -1.29121e-16 -1.71296 0.0095532 
99139 8.67658 1.19072 -1.52924e-16 -1.71186 0.00966509 
99140 8.35433 1.20154 -1.81978e-16 -1.71064 0.00977972 
99141 8.02248 1.21272 -2.17635e-16 -1.70928 0.00989736 
99142 7.68052 1.22429 -2.61646e-16 -1.70777 0.0100183 
99143 7.32794 1.23625 -3.16292e-16 -1.70609 0.0101429 
99144 6.96415 1.24865 -3.84567e-16 -1.70421 0.0102715 
99145 6.58854 1.2615 -4.70432e-16 -1.70213 0.0104046 
99146 6.20044 1.27483 -5.79167e-16 -1.6998 0.0105427 
99147 5.79914 1.28868 -7.17865e-16 -1.69722 0.0106864 
99148 5.38388 1.30308 -8.96137e-16 -1.69435 0.0108363 
99149 4.95382 1.31806 -1.12712e-15 -1.69115 0.0109934 
99150 4.50806 1.33366 -1.42896e-15 -1.68759 0.0111584 
99151 4.04563 1.34994 -1.82691e-15 -1.68364 0.0113325 
99152 3.56549 1.36693 -2.35657e-15 -1.67924 0.0115168 
99153 3.06648 1.38468 -3.0686e-15 -1.67434 0.0117129 
99154 2.54736 1.40326 -4.03595e-15 -1.66888 0.0119222 
99155 2.00677 1.42272 -5.36498e-15 -1.6628 0.0121467 
99156 1.44321 1.44314 -7.21274e-15 -1.656 0.0123886 
99157 0.855033 1.46458 -9.8144e-15 -1.64838 0.0126505 
99158 0.240413 1.48714 -1.35272e-14 -1.63982 0.0129353 
99159 -0.402695 1.51089 -1.89026e-14 -1.63017 0.0132464 
99160 -1.07659 1.53595 -2.68061e-14 -1.61922 0.0135879 
99161 -1.78388 1.56243 -3.8621e-14 -1.60675 0.0139644 
99162 -2.52753 1.59045 -5.66017e-14 -1.59245 0.0143811 
99163 -3.31096 1.62016 -8.45009e-14 -1.57596 0.0148443 
99164 -4.13812 1.65172 -1.2871e-13 -1.55685 0.0153609 
99165 -5.01359 1.68532 -2.00387e-13 -1.53459 0.0159386 
99166 -5.94268 1.72117 -3.19546e-13 -1.50857 0.0165858 
99167 -6.93156 1.75952 -5.23155e-13 -1.4781 0.017311 
99168 -7.9874 1.80067 -8.81698e-13 -1.44238 0.0181218 
99169 -9.11847 1.84493 -1.53429e-12 -1.40052 0.0190232 
99170 -10.3343 1.8927 -2.76594e-12 -1.35163 0.0200144 
99171 -11.6457 1.94443 -5.18456e-12 -1.29476 0.0210842 
99172 -13.065 2.00064 -1.01438e-11 -1.22908 0.0222037 
99173 -14.6058 2.06194 -2.07984e-11 -1.15395 0.0233185 
99174 -16.2827 2.12902 -4.48612e-11 -1.06909 0.0243411 
99175 -18.1117 2.20265 -1.02132e-10 -0.974779 0.02515 
99176 -20.1089 2.28368 -2.45975e-10 -0.87207 0.0256032 
99177 -22.2908 2.37302 -6.27046e-10 -0.762896 0.0255688 
99178 -24.6734 2.47156 -1.68848e-09 -0.650119 0.0249686 
99179 -27.2721 2.58007 -4.77528e-09 -0.537383 0.0238096 
99180 -30.1021 2.69903 -1.40349e-08 -0.428801 0.0221826 
99181 -33.179 2.82831 -4.2141e-08 -0.328509 0.0202262 
99182 -36.5196 2.96674 -1.25933e-07 -0.240182 0.0180826 
99183 -40.1433 3.11128 -3.59831e-07 -0.166576 0.0158669 
99184 -44.0725 3.25582 -8.24591e-07 -0.10915 0.0136597 
99185 -48.3283 3.38922 -1.52065e-06 -0.0677754 0.011513 
99186 -52.9183 3.4926 -2.16365e-06 -0.0403509 0.009464 
99187 -57.8054 3.53656 -2.08757e-06 -0.0230624 0.00755088 
99188 -62.8567 3.48163 -1.25413e-06 -0.0126225 0.00582572 
99189 -67.8066 3.28843 -5.56136e-07 -0.0068208 0.00434769 
99190 -72.3076 2.94185 -2.57879e-07 -0.00383612 0.00314603 
99191 -76.0701 2.47671 -1.55156e-07 -0.00235692 0.00220043 
99192 -78.9758 1.97266 -1.20825e-07 -0.0016222 0.00147999 
99193 -81.0809 1.51154 -1.12234e-07 -0.00124845 0.000962139 
99194 -82.5364 1.1401 -1.17393e-07 -0.00105407 0.000614372 
99195 -83.5089 0.866872 -1.33198e-07 -0.00095352 0.000393344 
99196 -84.1411 0.678138 -1.59035e-07 -0.00090503 0.000257389 
99197 -84.5429 0.552941 -1.94868e-07 -0.000886889 0.000174371 
99198 -84.7938 0.471611 -2.40497e-07 -0.000886951 0.000122783 
99199 -84.9485 0.418922 -2.95306e-07 -0.000898014 8.95238e-05 
99200 -85.0429 0.384293 -3.5828e-07 -0.00091567 6.70635e-05 
99201 -85.1001 0.360827 -4.28153e-07 -0.000937179 5.11896e-05 
99202 -85.1344 0.344199 -5.03578e-07 -0.000960839 3.95406e-05 
99203 -85.1546 0.331753 -5.83253e-07 -0.000985594 3.07553e-05 
99204 -85.1661 0.321878 -6.66012e-07 -0.00101079 2.40098e-05 
99205 -85.1724 0.313601 -7.50854e-07 -0.00103602 1.87742e-05 
99206 -85.1753 0.306333 -8.3695e-07 -0.00106106 1.46863e-05 
99207 -85.1762 0.299718 -9.23634e-07 -0.00108574 1.14853e-05 
99208 -85.1759 0.29354 -1.01038e-06 -0.00111 8.97639e-06 
99209 -85.1748 0.287664 -1.09678e-06 -0.00113378 7.01004e-06 
99210 -85.1733 0.282012 -1.18253e-06 -0.00115707 5.46995e-06 
99211 -85.1715 0.27653 -1.26738e-06 -0.00117986 4.26484e-06 
99212 -85.1695 0.271188 -1.35118e-06 -0.00120216 3.32285e-06 
99213 -85.1675 0.265965 -1.43379e-06 -0.00122397 2.58731e-06 
99214 -85.1654 0.260849 -1.51513e-06 -0.00124532 2.01357e-06 
99215 -85.1633 0.25583 -1.59515e-06 -0.0012662 1.56646e-06 
99216 -85.1613 0.250903 -1.67381e-06 -0.00128664 1.21835e-06 
99217 -85.1593 0.246064 -1.7511e-06 -0.00130666 9.4753e-07 
99218 -85.1574 0.241309 -1.82702e-06 -0.00132627 7.36994e-07 
99219 -85.1555 0.236637 -1.90158e-06 -0.00134548 5.73431e-07 
99220 -85.1536 0.232044 -1.97478e-06 -0.00136432 4.46435e-07 
99221 -85.1518 0.22753 -2.04666e-06 -0.00138279 3.47884e-07 
99222 -85.1501 0.223094 -2.11724e-06 -0.00140091 2.71443e-07 
99223 -85.1485 0.218733 -2.18655e-06 -0.0014187 2.12178e-07 
99224 -85.1469 0.214447 -2.25461e-06 -0.00143616 1.66247e-07 
99225 -85.1453 0.210235 -2.32145e-06 -0.00145331 1.30663e-07 
99226 -85.1439 0.206095 -2.38711e-06 -0.00147016 1.03105e-07 
99227 -85.1425 0.202026 -2.45161e-06 -0.00148673 8.1768e-08 
99228 -85.1412 0.198028 -2.51499e-06 -0.00150301 6.52532e-08 
99229 -85.1399 0.194099 -2.57727e-06 -0.00151904 5.2474e-08 
99230 -85.1387 0.190238 -2.63847e-06 -0.0015348 4.2588e-08 
99231 -85.1376 0.186445 -2.69863e-06 -0.00155032 3.49419e-08 
99232 -85.1365 0.182717 -2.75777e-06 -0.0015656 2.90298e-08 
99233 -85.1355 0.179055 -2.8159e-06 -0.00158065 2.44594e-08 
99234 -85.1346 0.175458 -2.87306e-06 -0.00159548 2.09271e-08 
99235 -85.1337 0.171924 -2.92927e-06 -0.00161009 1.81978e-08 
99236 -85.1329 0.168453 -2.98454e-06 -0.0016245 1.60894e-08 
99237 -85.1322 0.165043 -3.03889e-06 -0.00163871 1.4461e-08 
99238 -85.1315 0.161694 -3.09234e-06 -0.00165272 1.32038e-08 
99239 -85.1309 0.158404 -3.1449e-06 -0.00166655 1.22332e-08 
99240 -85.1304 0.155174 -3.19659e-06 -0.0016802 1.14842e-08 
99241 -85.1299 0.152002 -3.24743e-06 -0.00169368 1.09062e-08 
99242 -85.1295 0.148887 -3.29742e-06 -0.00170699 1.04603e-08 
99243 -85.1292 0.145828 -3.34659e-06 -0.00172013 1.01163e-08 
99244 -85.129 0.142825 -3.39493e-06 -0.00173311 9.85093e-09 
99245 -85.1288 0.139877 -3.44247e-06 -0.00174594 9.64615e-09 
99246 -85.1286 0.136983 -3.48922e-06 -0.00175862 9.48803e-09 
99247 -85.1286 0.134141 -3.53517e-06 -0.00177116 9.36583e-09 
99248 -85.1286 0.131352 -3.58035e-06 -0.00178355 9.27124e-09 
99249 -85.1286 0.128615 -3.62477e-06 -0.00179581 9.19782e-09 
99250 -85.1287 0.125928 -3.66842e-06 -0.00180793 9.14063e-09 
99251 -85.1289 0.123292 -3.71132e-06 -0.00181992 9.09584e-09 
99252 -85.1292 0.120704 -3.75349e-06 -0.00183179 9.06049e-09 
99253 -85.1295 0.118165 -3.79491e-06 -0.00184353 9.03231e-09 
99254 -85.1299 0.115674 -3.83562e-06 -0.00185515 9.00953e-09 
99255 -85.1303 0.11323 -3.8756e-06 -0.00186666 8.99079e-09 
99256 -85.1308 0.110832 -3.91487e-06 -0.00187805 8.97505e-09 
99257 -85.1314 0.108479 -3.95344e-06 -0.00188932 8.96151e-09 
99258 -85.132 0.106172 -3.99131e-06 -0.00190049 8.94954e-09 
99259 -85.1327 0.103908 -4.02849e-06 -0.00191155 8.93867e-09 
99260 -85.1334 0.101688 -4.06499e-06 -0.00192251 8.92853e-09 
99261 -85.1342 0.0995106 -4.10081e-06 -0.00193336 8.91883e-09 
99262 -85.1351 0.0973753 -4.13596e-06 -0.00194411 8.90937e-09 
99263 -85.136 0.0952814 -4.17045e-06 -0.00195476 8.89999e-09 
99264 -85.1369 0.0932282 -4.20428e-06 -0.00196531 8.89055e-09 
99265 -85.138 0.0912151 -4.23747e-06 -0.00197577 8.88096e-09 
99266 -85.139 0.0892414 -4.27001e-06 -0.00198614 8.87115e-09 
99267 -85.1402 0.0873065 -4.30192e-06 -0.00199641 8.86106e-09 
99268 -85.1413 0.0854098 -4.33319e-06 -0.0020066 8.85067e-09 
99269 -85.1426 0.0835505 -4.36385e-06 -0.00201669 8.83994e-09 
99270 -85.1439 0.0817282 -4.39389e-06 -0.0020267 8.82885e-09 
99271 -85.1452 0.0799422 -4.42332e-06 -0.00203662 8.81739e-09 
99272 -85.1466 0.0781918 -4.45215e-06 -0.00204646 8.80554e-09 
99273 -85.148 0.0764765 -4.48039e-06 -0.00205621 8.79332e-09 
99274 -85.1495 0.0747957 -4.50803e-06 -0.00206589 8.7807e-09 
99275 -85.151 0.0731488 -4.5351e-06 -0.00207548 8.7677e-09 
99276 -85.1526 0.0715353 -4.56159e-06 -0.00208499 8.75432e-09 
99277 -85.1542 0.0699545 -4.58752e-06 -0.00209442 8.74057e-09 
99278 -85.1559 0.0684059 -4.61289e-06 -0.00210378 8.72643e-09 
99279 -85.1576 0.0668889 -4.6377e-06 -0.00211306 8.71194e-09 
99280 -85.1593 0.065403 -4.66197e-06 -0.00212227 8.69708e-09 
99281 -85.1611 0.0639477 -4.6857e-06 -0.0021314 8.68187e-09 
99282 -85.163 0.0625224 -4.7089e-06 -0.00214046 8.66631e-09 
99283 -85.1648 0.0611265 -4.73157e-06 -0.00214944 8.65042e-09 
99284 -85.1667 0.0597596 -4.75373e-06 -0.00215836 8.63419e-09 
99285 -85.1687 0.0584212 -4.77538e-06 -0.0021672 8.61765e-09 
99286 -85.1707 0.0571106 -4.79653e-06 -0.00217598 8.60079e-09 
99287 -85.1727 0.0558275 -4.81718e-06 -0.00218468 8.58362e-09 
99288 -85.1747 0.0545714 -4.83734e-06 -0.00219332 8.56617e-09 
99289 -85.1768 0.0533416 -4.85702e-06 -0.00220189 8.54842e-09 
99290 -85.179 0.0521379 -4.87623e-06 -0.0022104 8.53039e-09 
99291 -85.1811 0.0509596 -4.89497e-06 -0.00221884 8.5121e-09 
99292 -85.1833 0.0498063 -4.91325e-06 -0.00222721 8.49354e-09 
99293 -85.1855 0.0486775 -4.93109e-06 -0.00223552 8.47473e-09 
99294 -85.1878 0.0475728 -4.94847e-06 -0.00224377 8.45567e-09 
99295 -85.19 0.0464918 -4.96542e-06 -0.00225195 8.43638e-09 
99296 -85.1923 0.0454339 -4.98194e-06 -0.00226007 8.41686e-09 
99297 -85.1947 0.0443988 -4.99803e-06 -0.00226813 8.39712e-09 
99298 -85.197 0.0433861 -5.01371e-06 -0.00227613 8.37717e-09 
99299 -85.1994 0.0423952 -5.02898e-06 -0.00228407 8.35701e-09 
99300 -85.2018 0.0414257 -5.04385e-06 -0.00229195 8.33666e-09 
99301 -85.2042 0.0404774 -5.05832e-06 -0.00229977 8.31613e-09 
99302 -85.2067 0.0395497 -5.07241e-06 -0.00230753 8.29541e-09 
99303 -85.2091 0.0386422 -5.08611e-06 -0.00231524 8.27453e-09 
99304 -85.2116 0.0377546 -5.09944e-06 -0.00232288 8.25348e-09 
99305 -85.2141 0.0368864 -5.1124e-06 -0.00233048 8.23228e-09 
99306 -85.2166 0.0360373 -5.125e-06 -0.00233801 8.21093e-09 
99307 -85.2192 0.0352069 -5.13725e-06 -0.00234549 8.18944e-09 
99308 -85.2217 0.0343949 -5.14915e-06 -0.00235292 8.16782e-09 
99309 -85.2243 0.0336008 -5.16071e-06 -0.00236029 8.14607e-09 
99310 -85.2269 0.0328243 -5.17193e-06 -0.00236761 8.12421e-09 
99311 -85.2295 0.032065 -5.18283e-06 -0.00237487 8.10224e-09 
99312 -85.2321 0.0313227 -5.19341e-06 -0.00238208 8.08016e-09 
99313 -85.2348 0.0305969 -5.20367e-06 -0.00238924 8.05799e-09 
99314 -85.2374 0.0298873 -5.21362e-06 -0.00239635 8.03573e-09 
99315 -85.2401 0.0291936 -5.22327e-06 -0.00240341 8.01338e-09 
99316 -85.2428 0.0285155 -5.23262e-06 -0.00241042 7.99096e-09 
99317 -85.2454 0.0278526 -5.24168e-06 -0.00241737 7.96847e-09 
99318 -85.2481 0.0272046 -5.25046e-06 -0.00242428 7.94592e-09 
99319 -85.2508 0.0265713 -5.25896e-06 -0.00243114 7.92331e-09 
99320 -85.2535 0.0259522 -5.26719e-06 -0.00243795 7.90064e-09 
99321 -85.2562 0.0253472 -5.27515e-06 -0.00244471 7.87794e-09 
99322 -85.2589 0.0247559 -5.28285e-06 -0.00245143 7.85519e-09 
99323 -85.2617 0.024178 -5.2903e-06 -0.00245809 7.83241e-09 
99324 -85.2644 0.0236132 -5.29749e-06 -0.00246471 7.80961e-09 
99325 -85.2671 0.0230614 -5.30444e-06 -0.00247129 7.78678e-09 
99326 -85.2699 0.0225221 -5.31115e-06 -0.00247782 7.76394e-09 
99327 -85.2726 0.0219951 -5.31763e-06 -0.0024843 7.74108e-09 
99328 -85.2753 0.0214802 -5.32388e-06 -0.00249074 7.71822e-09 
99329 -85.2781 0.0209771 -5.32991e-06 -0.00249713 7.69535e-09 
99330 -85.2808 0.0204855 -5.33572e-06 -0.00250348 7.67249e-09 
99331 -85.2836 0.0200053 -5.34131e-06 -0.00250979 7.64964e-09 
99332 -85.2863 0.019536 -5.3467e-06 -0.00251606 7.6268e-09 
99333 -85.2891 0.0190776 -5.35188e-06 -0.00252228 7.60398e-09 
99334 -85.2918 0.0186298 -5.35687e-06 -0.00252846 7.58118e-09 
99335 -85.2946 0.0181923 -5.36166e-06 -0.00253459 7.55841e-09 
99336 -85.2973 0.017765 -5.36626e-06 -0.00254069 7.53567e-09 
99337 -85.3 0.0173475 -5.37068e-06 -0.00254674 7.51296e-09 
99338 -85.3028 0.0169397 -5.37492e-06 -0.00255276 7.49029e-09 
99339 -85.3055 0.0165414 -5.37898e-06 -0.00255873 7.46766e-09 
99340 -85.3083 0.0161523 -5.38286e-06 -0.00256466 7.44508e-09 
99341 -85.311 0.0157723 -5.38658e-06 -0.00257056 7.42254e-09 
99342 -85.3137 0.0154011 -5.39014e-06 -0.00257641 7.40006e-09 
99343 -85.3164 0.0150386 -5.39354e-06 -0.00258223 7.37764e-09 
99344 -85.3191 0.0146846 -5.39678e-06 -0.00258801 7.35527e-09 
99345 -85.3219 0.0143388 -5.39987e-06 -0.00259375 7.33297e-09 
99346 -85.3246 0.0140011 -5.40281e-06 -0.00259945 7.31073e-09 
99347 -85.3273 0.0136713 -5.40561e-06 -0.00260512 7.28857e-09 
99348 -85.3299 0.0133492 -5.40827e-06 -0.00261074 7.26647e-09 
99349 -85.3326 0.0130346 -5.41079e-06 -0.00261634 7.24445e-09 
99350 -85.3353 0.0127275 -5.41317e-06 -0.00262189 7.2225e-09 
99351 -85.338 0.0124275 -5.41543e-06 -0.00262741 7.20063e-09 
99352 -85.3406 0.0121346 -5.41756e-06 -0.00263289 7.17885e-09 
99353 -85.3433 0.0118486 -5.41957e-06 -0.00263834 7.15714e-09 
99354 -85.3459 0.0115693 -5.42145e-06 -0.00264376 7.13553e-09 
99355 -85.3486 0.0112966 -5.42322e-06 -0.00264913 7.114e-09 
99356 -85.3512 0.0110303 -5.42488e-06 -0.00265448 7.09256e-09 
99357 -85.3538 0.0107703 -5.42642e-06 -0.00265979 7.07122e-09 
99358 -85.3564 0.0105164 -5.42786e-06 -0.00266507 7.04997e-09 
99359 -85.359 0.0102685 -5.42919e-06 -0.00267031 7.02881e-09 
99360 -85.3616 0.0100265 -5.43042e-06 -0.00267552 7.00776e-09 
99361 -85.3642 0.00979017 -5.43155e-06 -0.0026807 6.9868e-09 
99362 -85.3667 0.00955944 -5.43258e-06 -0.00268584 6.96594e-09 
99363 -85.3693 0.00933417 -5.43352e-06 -0.00269096 6.94519e-09 
99364 -85.3718 0.00911423 -5.43437e-06 -0.00269604 6.92454e-09 
99365 -85.3744 0.0088995 -5.43513e-06 -0.00270109 6.90399e-09 
99366 -85.3769 0.00868986 -5.4358e-06 -0.00270611 6.88355e-09 
99367 -85.3794 0.00848518 -5.43639e-06 -0.00271109 6.86322e-09 
99368 -85.3819 0.00828535 -5.4369e-06 -0.00271605 6.843e-09 
99369 -85.3844 0.00809027 -5.43733e-06 -0.00272097 6.82289e-09 
99370 -85.3869 0.00789981 -5.43768e-06 -0.00272587 6.80289e-09 
99371 -85.3893 0.00771387 -5.43795e-06 -0.00273074 6.783e-09 
99372 -85.3918 0.00753235 -5.43816e-06 -0.00273557 6.76322e-09 
99373 -85.3942 0.00735513 -5.43829e-06 -0.00274038 6.74356e-09 
99374 -85.3966 0.00718213 -5.43835e-06 -0.00274516 6.72401e-09 
99375 -85.3991 0.00701324 -5.43835e-06 -0.0027499 6.70457e-09 
99376 -85.4015 0.00684836 -5.43828e-06 -0.00275462 6.68525e-09 
99377 -85.4038 0.00668741 -5.43815e-06 -0.00275932 6.66605e-09 
99378 -85.4062 0.00653028 -5.43796e-06 -0.00276398 6.64697e-09 
99379 -85.4086 0.00637688 -5.43771e-06 -0.00276861 6.628e-09 
99380 -85.4109 0.00622714 -5.43741e-06 -0.00277322 6.60915e-09 
99381 -85.4133 0.00608096 -5.43704e-06 -0.0027778 6.59041e-09 
99382 -85.4156 0.00593826 -5.43663e-06 -0.00278235 6.5718e-09 
99383 -85.4179 0.00579896 -5.43616e-06 -0.00278688 6.5533e-09 
99384 -85.4202 0.00566297 -5.43564e-06 -0.00279138 6.53493e-09 
99385 -85.4225 0.00553022 -5.43507e-06 -0.00279585 6.51667e-09 
99386 -85.4248 0.00540063 -5.43446e-06 -0.00280029 6.49853e-09 
99387 -85.427 0.00527413 -5.4338e-06 -0.00280471 6.48051e-09 
99388 -85.4293 0.00515064 -5.43309e-06 -0.00280911 6.46261e-09 
99389 -85.4315 0.00503009 -5.43234e-06 -0.00281348 6.44483e-09 
99390 -85.4337 0.00491241 -5.43155e-06 -0.00281782 6.42717e-09 
99391 -85.4359 0.00479754 -5.43072e-06 -0.00282213 6.40963e-09 
99392 -85.4381 0.0046854 -5.42985e-06 -0.00282643 6.39222e-09 
99393 -85.4403 0.00457593 -5.42894e-06 -0.00283069 6.37492e-09 
99394 -85.4424 0.00446907 -5.42799e-06 -0.00283493 6.35774e-09 
99395 -85.4446 0.00436476 -5.42701e-06 -0.00283915 6.34067e-09 
99396 -85.4467 0.00426293 -5.426e-06 -0.00284334 6.32373e-09 
99397 -85.4489 0.00416353 -5.42495e-06 -0.00284751 6.30691e-09 
99398 -85.451 0.0040665 -5.42387e-06 -0.00285166 6.29021e-09 
99399 -85.4531 0.00397178 -5.42276e-06 -0.00285578 6.27362e-09 
99400 -85.4551 0.00387931 -5.42162e-06 -0.00285988 6.25716e-09 
99401 -85.4572 0.00378905 -5.42046e-06 -0.00286395 6.24081e-09 
99402 -85.4593 0.00370093 -5.41926e-06 -0.002868 6.22458e-09 
99403 -85.4613 0.00361492 -5.41804e-06 -0.00287203 6.20847e-09 
99404 -85.4633 0.00353095 -5.41679e-06 -0.00287603 6.19248e-09 
99405 -85.4653 0.00344898 -5.41551e-06 -0.00288001 6.1766e-09 
99406 -85.4673 0.00336896 -5.41422e-06 -0.00288397 6.16084e-09 
99407 -85.4693 0.00329085 -5.4129e-06 -0.00288791 6.14519e-09 
99408 -85.4713 0.0032146 -5.41156e-06 -0.00289182 6.12967e-09 
99409 -85.4733 0.00314016 -5.41019e-06 -0.00289572 6.11425e-09 
99410 -85.4752 0.00306749 -5.40881e-06 -0.00289959 6.09895e-09 
99411 -85.4771 0.00299656 -5.40741e-06 -0.00290344 6.08377e-09 
99412 -85.4791 0.00292731 -5.40598e-06 -0.00290726 6.0687e-09 
99413 -85.481 0.0028597 -5.40454e-06 -0.00291107 6.05374e-09 
99414 -85.4829 0.00279371 -5.40309e-06 -0.00291485 6.0389e-09 
99415 -85.4847 0.00272928 -5.40161e-06 -0.00291862 6.02417e-09 
99416 -85.4866 0.00266639 -5.40012e-06 -0.00292236 6.00955e-09 
99417 -85.4885 0.00260499 -5.39861e-06 -0.00292608 5.99504e-09 
99418 -85.4903 0.00254505 -5.39709e-06 -0.00292978 5.98065e-09 
99419 -85.4921 0.00248653 -5.39556e-06 -0.00293346 5.96636e-09 
99420 -85.4939 0.0024294 -5.39401e-06 -0.00293712 5.95219e-09 
99421 -85.4957 0.00237363 -5.39245e-06 -0.00294076 5.93812e-09 
99422 -85.4975 0.00231919 -5.39088e-06 -0.00294438 5.92416e-09 
99423 -85.4993 0.00226604 -5.3893e-06 -0.00294798 5.91031e-09 
99424 -85.5011 0.00221414 -5.3877e-06 -0.00295156 5.89657e-09 
99425 -85.5028 0.00216348 -5.3861e-06 -0.00295512 5.88293e-09 
99426 -85.5046 0.00211402 -5.38448e-06 -0.00295866 5.8694e-09 
99427 -85.5063 0.00206574 -5.38285e-06 -0.00296218 5.85598e-09 
99428 -85.508 0.0020186 -5.38122e-06 -0.00296568 5.84266e-09 
99429 -85.5097 0.00197257 -5.37958e-06 -0.00296917 5.82944e-09 
99430 -85.5114 0.00192764 -5.37793e-06 -0.00297263 5.81633e-09 
99431 -85.5131 0.00188377 -5.37627e-06 -0.00297608 5.80332e-09 
99432 -85.5147 0.00184094 -5.37461e-06 -0.0029795 5.79042e-09 
99433 -85.5164 0.00179913 -5.37293e-06 -0.00298291 5.77762e-09 
99434 -85.518 0.0017583 -5.37126e-06 -0.0029863 5.76491e-09 
99435 -85.5196 0.00171844 -5.36957e-06 -0.00298967 5.75231e-09 
99436 -85.5213 0.00167953 -5.36788e-06 -0.00299302 5.73981e-09 
99437 -85.5229 0.00164153 -5.36619e-06 -0.00299635 5.72741e-09 
99438 -85.5244 0.00160443 -5.36449e-06 -0.00299967 5.7151e-09 
99439 -85.526 0.00156821 -5.36279e-06 -0.00300297 5.7029e-09 
99440 -85.5276 0.00153285 -5.36108e-06 -0.00300625 5.69079e-09 
99441 -85.5291 0.00149832 -5.35937e-06 -0.00300951 5.67877e-09 
99442 -85.5307 0.00146461 -5.35766e-06 -0.00301276 5.66686e-09 
99443 -85.5322 0.00143169 -5.35594e-06 -0.00301598 5.65503e-09 
99444 -85.5337 0.00139955 -5.35423e-06 -0.00301919 5.64331e-09 
99445 -85.5353 0.00136817 -5.3525e-06 -0.00302239 5.63167e-09 
99446 -85.5368 0.00133752 -5.35078e-06 -0.00302556 5.62013e-09 
99447 -85.5382 0.0013076 -5.34906e-06 -0.00302872 5.60869e-09 
99448 -85.5397 0.00127839 -5.34733e-06 -0.00303186 5.59733e-09 
99449 -85.5412 0.00124986 -5.3456e-06 -0.00303499 5.58607e-09 
99450 -85.5426 0.00122201 -5.34388e-06 -0.0030381 5.57489e-09 
99451 -85.5441 0.00119481 -5.34215e-06 -0.00304119 5.56381e-09 
99452 -85.5455 0.00116825 -5.34042e-06 -0.00304426 5.55281e-09 
99453 -85.5469 0.00114232 -5.33869e-06 -0.00304732 5.54191e-09 
99454 -85.5483 0.001117 -5.33696e-06 -0.00305036 5.53109e-09 
99455 -85.5497 0.00109227 -5.33523e-06 -0.00305339 5.52036e-09 
99456 -85.5511 0.00106812 -5.33351e-06 -0.0030564 5.50971e-09 
99457 -85.5525 0.00104455 -5.33178e-06 -0.00305939 5.49915e-09 
99458 -85.5539 0.00102152 -5.33005e-06 -0.00306237 5.48868e-09 
99459 -85.5552 0.000999037 -5.32833e-06 -0.00306534 5.47829e-09 
99460 -85.5566 0.000977081 -5.32661e-06 -0.00306828 5.46798e-09 
99461 -85.5579 0.00095564 -5.32488e-06 -0.00307121 5.45776e-09 
99462 -85.5592 0.000934703 -5.32316e-06 -0.00307413 5.44762e-09 
99463 -85.5606 0.000914256 -5.32145e-06 -0.00307703 5.43756e-09 
99464 -85.5619 0.000894288 -5.31973e-06 -0.00307992 5.42759e-09 
99465 -85.5632 0.000874789 -5.31802e-06 -0.00308279 5.41769e-09 
99466 -85.5644 0.000855746 -5.31631e-06 -0.00308564 5.40788e-09 
99467 -85.5657 0.000837149 -5.3146e-06 -0.00308848 5.39814e-09 
99468 -85.567 0.000818988 -5.31289e-06 -0.00309131 5.38848e-09 
99469 -85.5682 0.000801251 -5.31119e-06 -0.00309412 5.37891e-09 
99470 -85.5695 0.000783929 -5.30949e-06 -0.00309691 5.3694e-09 
99471 -85.5707 0.000767013 -5.3078e-06 -0.00309969 5.35998e-09 
99472 -85.572 0.000750492 -5.3061e-06 -0.00310246 5.35063e-09 
99473 -85.5732 0.000734356 -5.30441e-06 -0.00310521 5.34136e-09 
99474 -85.5744 0.000718598 -5.30273e-06 -0.00310795 5.33216e-09 
99475 -85.5756 0.000703208 -5.30105e-06 -0.00311067 5.32304e-09 
99476 -85.5768 0.000688177 -5.29937e-06 -0.00311338 5.31399e-09 
99477 -85.578 0.000673496 -5.29769e-06 -0.00311607 5.30501e-09 
99478 -85.5791 0.000659158 -5.29602e-06 -0.00311875 5.29611e-09 
99479 -85.5803 0.000645154 -5.29436e-06 -0.00312142 5.28728e-09 
99480 -85.5814 0.000631477 -5.2927e-06 -0.00312407 5.27852e-09 
99481 -85.5826 0.000618118 -5.29104e-06 -0.00312671 5.26983e-09 
99482 -85.5837 0.00060507 -5.28939e-06 -0.00312934 5.26121e-09 
99483 -85.5849 0.000592326 -5.28774e-06 -0.00313195 5.25266e-09 
99484 -85.586 0.000579878 -5.2861e-06 -0.00313454 5.24418e-09 
99485 -85.5871 0.00056772 -5.28446e-06 -0.00313713 5.23577e-09 
99486 -85.5882 0.000555845 -5.28282e-06 -0.0031397 5.22742e-09 
99487 -85.5893 0.000544246 -5.28119e-06 -0.00314226 5.21914e-09 
99488 -85.5904 0.000532916 -5.27957e-06 -0.0031448 5.21093e-09 
99489 -85.5915 0.000521849 -5.27795e-06 -0.00314733 5.20279e-09 
99490 -85.5925 0.00051104 -5.27634e-06 -0.00314985 5.19471e-09 
99491 -85.5936 0.000500481 -5.27473e-06 -0.00315235 5.1867e-09 
99492 -85.5946 0.000490167 -5.27313e-06 -0.00315485 5.17875e-09 
99493 -85.5957 0.000480092 -5.27153e-06 -0.00315733 5.17087e-09 
99494 -85.5967 0.000470251 -5.26994e-06 -0.00315979 5.16305e-09 
99495 -85.5977 0.000460637 -5.26835e-06 -0.00316224 5.15529e-09 
99496 -85.5988 0.000451247 -5.26677e-06 -0.00316469 5.1476e-09 
99497 -85.5998 0.000442074 -5.26519e-06 -0.00316711 5.13996e-09 
99498 -85.6008 0.000433113 -5.26362e-06 -0.00316953 5.13239e-09 
99499 -85.6018 0.000424359 -5.26205e-06 -0.00317193 5.12488e-09 
99500 -85.6028 0.000415808 -5.2605e-06 -0.00317432 5.11743e-09 
99501 -85.6038 0.000407454 -5.25894e-06 -0.0031767 5.11004e-09 
99502 -85.6047 0.000399294 -5.25739e-06 -0.00317907 5.10271e-09 
99503 -85.6057 0.000391322 -5.25585e-06 -0.00318142 5.09543e-09 
99504 -85.6067 0.000383534 -5.25432e-06 -0.00318376 5.08822e-09 
99505 -85.6076 0.000375926 -5.25279e-06 -0.00318609 5.08106e-09 
99506 -85.6085 0.000368493 -5.25126e-06 -0.00318841 5.07396e-09 
99507 -85.6095 0.000361232 -5.24974e-06 -0.00319072 5.06692e-09 
99508 -85.6104 0.000354138 -5.24823e-06 -0.00319301 5.05993e-09 
99509 -85.6113 0.000347207 -5.24673e-06 -0.00319529 5.053e-09 
99510 -85.6123 0.000340436 -5.24522e-06 -0.00319756 5.04613e-09 
99511 -85.6132 0.000333821 -5.24373e-06 -0.00319982 5.03931e-09 
99512 -85.6141 0.000327358 -5.24224e-06 -0.00320207 5.03254e-09 
99513 -85.615 0.000321044 -5.24076e-06 -0.0032043 5.02583e-09 
99514 -85.6159 0.000314875 -5.23928e-06 -0.00320653 5.01917e-09 
99515 -85.6167 0.000308848 -5.23782e-06 -0.00320874 5.01257e-09 
99516 -85.6176 0.00030296 -5.23635e-06 -0.00321094 5.00602e-09 
99517 -85.6185 0.000297206 -5.23489e-06 -0.00321313 4.99952e-09 
99518 -85.6193 0.000291585 -5.23344e-06 -0.00321531 4.99307e-09 
99519 -85.6202 0.000286093 -5.232e-06 -0.00321748 4.98667e-09 
99520 -85.621 0.000280726 -5.23056e-06 -0.00321964 4.98032e-09 
99521 -85.6219 0.000275483 -5.22913e-06 -0.00322178 4.97403e-09 
99522 -85.6227 0.00027036 -5.2277e-06 -0.00322392 4.96778e-09 
99523 -85.6236 0.000265354 -5.22628e-06 -0.00322604 4.96158e-09 
99524 -85.6244 0.000260463 -5.22487e-06 -0.00322815 4.95544e-09 
99525 -85.6252 0.000255684 -5.22346e-06 -0.00323026 4.94934e-09 
99526 -85.626 0.000251014 -5.22206e-06 -0.00323235 4.94329e-09 
99527 -85.6268 0.000246451 -5.22066e-06 -0.00323443 4.93728e-09 
99528 -85.6276 0.000241992 -5.21928e-06 -0.0032365 4.93133e-09 
99529 -85.6284 0.000237635 -5.21789e-06 -0.00323856 4.92542e-09 
99530 -85.6292 0.000233378 -5.21652e-06 -0.00324061 4.91956e-09 
99531 -85.63 0.000229218 -5.21515e-06 -0.00324265 4.91374e-09 
99532 -85.6307 0.000225153 -5.21378e-06 -0.00324467 4.90797e-09 
99533 -85.6315 0.00022118 -5.21243e-06 -0.00324669 4.90224e-09 
99534 -85.6323 0.000217298 -5.21108e-06 -0.0032487 4.89656e-09 
99535 -85.633 0.000213505 -5.20973e-06 -0.0032507 4.89093e-09 
99536 -85.6338 0.000209798 -5.20839e-06 -0.00325268 4.88534e-09 
99537 -85.6345 0.000206175 -5.20706e-06 -0.00325466 4.87979e-09 
99538 -85.6353 0.000202635 -5.20574e-06 -0.00325663 4.87429e-09 
99539 -85.636 0.000199176 -5.20442e-06 -0.00325859 4.86883e-09 
99540 -85.6367 0.000195795 -5.2031e-06 -0.00326053 4.86341e-09 
99541 -85.6375 0.000192491 -5.2018e-06 -0.00326247 4.85803e-09 
99542 -85.6382 0.000189262 -5.2005e-06 -0.0032644 4.8527e-09 
99543 -85.6389 0.000186107 -5.1992e-06 -0.00326632 4.8474e-09 
99544 -85.6396 0.000183023 -5.19792e-06 -0.00326822 4.84215e-09 
99545 -85.6403 0.000180009 -5.19663e-06 -0.00327012 4.83694e-09 
99546 -85.641 0.000177063 -5.19536e-06 -0.00327201 4.83177e-09 
99547 -85.6417 0.000174184 -5.19409e-06 -0.00327389 4.82664e-09 
99548 -85.6424 0.000171371 -5.19283e-06 -0.00327576 4.82155e-09 
99549 -85.643 0.000168621 -5.19157e-06 -0.00327762 4.8165e-09 
99550 -85.6437 0.000165933 -5.19032e-06 -0.00327947 4.81149e-09 
99551 -85.6444 0.000163307 -5.18907e-06 -0.00328131 4.80652e-09 
99552 -85.6451 0.000160739 -5.18784e-06 -0.00328314 4.80159e-09 
99553 -85.6457 0.00015823 -5.1866e-06 -0.00328497 4.79669e-09 
99554 -85.6464 0.000155778 -5.18538e-06 -0.00328678 4.79183e-09 
99555 -85.647 0.00015338 -5.18416e-06 -0.00328858 4.78701e-09 
99556 -85.6477 0.000151037 -5.18294e-06 -0.00329038 4.78223e-09 
99557 -85.6483 0.000148747 -5.18174e-06 -0.00329217 4.77749e-09 
99558 -85.649 0.000146509 -5.18053e-06 -0.00329394 4.77278e-09 
99559 -85.6496 0.000144321 -5.17934e-06 -0.00329571 4.7681e-09 
99560 -85.6502 0.000142182 -5.17815e-06 -0.00329747 4.76346e-09 
99561 -85.6508 0.000140092 -5.17697e-06 -0.00329922 4.75886e-09 
99562 -85.6515 0.000138048 -5.17579e-06 -0.00330096 4.7543e-09 
99563 -85.6521 0.000136051 -5.17462e-06 -0.00330269 4.74976e-09 
99564 -85.6527 0.000134098 -5.17345e-06 -0.00330442 4.74527e-09 
99565 -85.6533 0.000132189 -5.17229e-06 -0.00330613 4.7408e-09 
99566 -85.6539 0.000130324 -5.17114e-06 -0.00330784 4.73638e-09 
99567 -85.6545 0.0001285 -5.16999e-06 -0.00330954 4.73198e-09 
99568 -85.6551 0.000126717 -5.16885e-06 -0.00331123 4.72762e-09 
99569 -85.6557 0.000124974 -5.16771e-06 -0.00331291 4.72329e-09 
99570 -85.6562 0.00012327 -5.16658e-06 -0.00331458 4.719e-09 
99571 -85.6568 0.000121604 -5.16546e-06 -0.00331624 4.71473e-09 
99572 -85.6574 0.000119976 -5.16434e-06 -0.0033179 4.7105e-09 
99573 -85.658 0.000118384 -5.16323e-06 -0.00331954 4.70631e-09 
99574 -85.6585 0.000116828 -5.16212e-06 -0.00332118 4.70214e-09 
99575 -85.6591 0.000115307 -5.16102e-06 -0.00332281 4.69801e-09 
99576 -85.6596 0.000113819 -5.15993e-06 -0.00332444 4.6939e-09 
99577 -85.6602 0.000112365 -5.15884e-06 -0.00332605 4.68983e-09 
99578 -85.6608 0.000110943 -5.15775e-06 -0.00332766 4.68579e-09 
99579 -85.6613 0.000109553 -5.15667e-06 -0.00332925 4.68178e-09 
99580 -85.6618 0.000108194 -5.1556e-06 -0.00333084 4.6778e-09 
99581 -85.6624 0.000106866 -5.15454e-06 -0.00333243 4.67385e-09 
99582 -85.6629 0.000105567 -5.15347e-06 -0.003334 4.66992e-09 
99583 -85.6634 0.000104296 -5.15242e-06 -0.00333557 4.66603e-09 
99584 -85.664 0.000103055 -5.15137e-06 -0.00333712 4.66217e-09 
99585 -85.6645 0.00010184 -5.15032e-06 -0.00333867 4.65834e-09 
99586 -85.665 0.000100653 -5.14928e-06 -0.00334022 4.65453e-09 
99587 -85.6655 9.94922e-05 -5.14825e-06 -0.00334175 4.65075e-09 
99588 -85.666 9.83571e-05 -5.14722e-06 -0.00334328 4.64701e-09 
99589 -85.6665 9.72472e-05 -5.1462e-06 -0.0033448 4.64329e-09 
99590 -85.667 9.61619e-05 -5.14518e-06 -0.00334631 4.63959e-09 
99591 -85.6675 9.51007e-05 -5.14417e-06 -0.00334781 4.63593e-09 
99592 -85.668 9.4063e-05 -5.14317e-06 -0.00334931 4.63229e-09 
99593 -85.6685 9.30483e-05 -5.14217e-06 -0.0033508 4.62868e-09 
99594 -85.669 9.2056e-05 -5.14117e-06 -0.00335228 4.6251e-09 
99595 -85.6695 9.10857e-05 -5.14018e-06 -0.00335375 4.62154e-09 
99596 -85.67 9.01368e-05 -5.13919e-06 -0.00335522 4.61801e-09 
99597 -85.6705 8.92089e-05 -5.13822e-06 -0.00335668 4.6145e-09 
99598 -85.6709 8.83014e-05 -5.13724e-06 -0.00335813 4.61103e-09 
99599 -85.6714 8.7414e-05 -5.13627e-06 -0.00335957 4.60757e-09 
99600 -85.6719 8.65461e-05 -5.13531e-06 -0.00336101 4.60414e-09 
99601 -85.6723 8.56974e-05 -5.13435e-06 -0.00336244 4.60074e-09 
99602 -85.6728 8.48673e-05 -5.1334e-06 -0.00336386 4.59736e-09 
99603 -85.6733 8.40556e-05 -5.13245e-06 -0.00336528 4.59401e-09 
99604 -85.6737 8.32616e-05 -5.1315e-06 -0.00336669 4.59068e-09 
99605 -85.6742 8.24851e-05 -5.13057e-06 -0.00336809 4.58738e-09 
99606 -85.6746 8.17257e-05 -5.12963e-06 -0.00336948 4.5841e-09 
99607 -85.6751 8.09829e-05 -5.1287e-06 -0.00337087 4.58085e-09 
99608 -85.6755 8.02564e-05 -5.12778e-06 -0.00337225 4.57761e-09 
99609 -85.6759 7.95458e-05 -5.12686e-06 -0.00337362 4.57441e-09 
99610 -85.6764 7.88508e-05 -5.12595e-06 -0.00337499 4.57122e-09 
99611 -85.6768 7.8171e-05 -5.12504e-06 -0.00337635 4.56806e-09 
99612 -85.6772 7.75061e-05 -5.12414e-06 -0.0033777 4.56492e-09 
99613 -85.6777 7.68557e-05 -5.12324e-06 -0.00337905 4.56181e-09 
99614 -85.6781 7.62194e-05 -5.12235e-06 -0.00338039 4.55872e-09 
99615 -85.6785 7.55971e-05 -5.12146e-06 -0.00338172 4.55564e-09 
99616 -85.6789 7.49884e-05 -5.12057e-06 -0.00338305 4.5526e-09 
99617 -85.6793 7.43929e-05 -5.1197e-06 -0.00338437 4.54957e-09 
99618 -85.6798 7.38103e-05 -5.11882e-06 -0.00338568 4.54657e-09 
99619 -85.6802 7.32405e-05 -5.11795e-06 -0.00338699 4.54358e-09 
99620 -85.6806 7.2683e-05 -5.11709e-06 -0.00338829 4.54062e-09 
99621 -85.681 7.21376e-05 -5.11623e-06 -0.00338958 4.53768e-09 
99622 -85.6814 7.16041e-05 -5.11537e-06 -0.00339086 4.53477e-09 
99623 -85.6818 7.10821e-05 -5.11452e-06 -0.00339214 4.53187e-09 
99624 -85.6822 7.05714e-05 -5.11367e-06 -0.00339342 4.52899e-09 
99625 -85.6826 7.00718e-05 -5.11283e-06 -0.00339469 4.52614e-09 
99626 -85.683 6.9583e-05 -5.112e-06 -0.00339595 4.5233e-09 
99627 -85.6833 6.91048e-05 -5.11116e-06 -0.0033972 4.52048e-09 
99628 -85.6837 6.86369e-05 -5.11034e-06 -0.00339845 4.51769e-09 
99629 -85.6841 6.81791e-05 -5.10951e-06 -0.00339969 4.51491e-09 
99630 -85.6845 6.77311e-05 -5.10869e-06 -0.00340093 4.51216e-09 
99631 -85.6849 6.72928e-05 -5.10788e-06 -0.00340216 4.50942e-09 
99632 -85.6852 6.6864e-05 -5.10707e-06 -0.00340338 4.50671e-09 
99633 -85.6856 6.64443e-05 -5.10626e-06 -0.0034046 4.50401e-09 
99634 -85.686 6.60337e-05 -5.10546e-06 -0.00340581 4.50133e-09 
99635 -85.6863 6.56318e-05 -5.10467e-06 -0.00340701 4.49867e-09 
99636 -85.6867 6.52386e-05 -5.10387e-06 -0.00340821 4.49603e-09 
99637 -85.6871 6.48538e-05 -5.10309e-06 -0.00340941 4.49341e-09 
99638 -85.6874 6.44773e-05 -5.1023e-06 -0.00341059 4.49081e-09 
99639 -85.6878 6.41088e-05 -5.10152e-06 -0.00341177 4.48822e-09 
99640 -85.6881 6.37482e-05 -5.10075e-06 -0.00341295 4.48566e-09 
99641 -85.6885 6.33952e-05 -5.09998e-06 -0.00341412 4.48311e-09 
99642 -85.6888 6.30498e-05 -5.09921e-06 -0.00341528 4.48058e-09 
99643 -85.6892 6.27117e-05 -5.09845e-06 -0.00341644 4.47807e-09 
99644 -85.6895 6.23809e-05 -5.09769e-06 -0.00341759 4.47557e-09 
99645 -85.6899 6.2057e-05 -5.09693e-06 -0.00341874 4.4731e-09 
99646 -85.6902 6.174e-05 -5.09618e-06 -0.00341988 4.47063e-09 
99647 -85.6905 6.14298e-05 -5.09544e-06 -0.00342101 4.46819e-09 
99648 -85.6909 6.11261e-05 -5.09469e-06 -0.00342214 4.46577e-09 
99649 -85.6912 6.08289e-05 -5.09396e-06 -0.00342326 4.46336e-09 
99650 -85.6915 6.05379e-05 -5.09322e-06 -0.00342438 4.46096e-09 
99651 -85.6919 6.02531e-05 -5.09249e-06 -0.00342549 4.45859e-09 
99652 -85.6922 5.99742e-05 -5.09177e-06 -0.0034266 4.45623e-09 
99653 -85.6925 5.97013e-05 -5.09104e-06 -0.0034277 4.45389e-09 
99654 -85.6928 5.94341e-05 -5.09033e-06 -0.0034288 4.45156e-09 
99655 -85.6932 5.91725e-05 -5.08961e-06 -0.00342989 4.44925e-09 
99656 -85.6935 5.89164e-05 -5.0889e-06 -0.00343097 4.44696e-09 
99657 -85.6938 5.86656e-05 -5.0882e-06 -0.00343205 4.44468e-09 
99658 -85.6941 5.84201e-05 -5.08749e-06 -0.00343312 4.44241e-09 
99659 -85.6944 5.81798e-05 -5.08679e-06 -0.00343419 4.44017e-09 
99660 -85.6947 5.79445e-05 -5.0861e-06 -0.00343525 4.43793e-09 
99661 -85.695 5.7714e-05 -5.08541e-06 -0.00343631 4.43572e-09 
99662 -85.6953 5.74884e-05 -5.08472e-06 -0.00343736 4.43352e-09 
99663 -85.6956 5.72675e-05 -5.08404e-06 -0.00343841 4.43133e-09 
99664 -85.6959 5.70511e-05 -5.08336e-06 -0.00343945 4.42916e-09 
99665 -85.6962 5.68393e-05 -5.08268e-06 -0.00344049 4.427e-09 
99666 -85.6965 5.66318e-05 -5.08201e-06 -0.00344152 4.42486e-09 
99667 -85.6968 5.64287e-05 -5.08134e-06 -0.00344255 4.42273e-09 
99668 -85.6971 5.62297e-05 -5.08067e-06 -0.00344357 4.42062e-09 
99669 -85.6974 5.60348e-05 -5.08001e-06 -0.00344458 4.41852e-09 
99670 -85.6977 5.5844e-05 -5.07935e-06 -0.00344559 4.41643e-09 
99671 -85.698 5.5657e-05 -5.0787e-06 -0.0034466 4.41436e-09 
99672 -85.6983 5.5474e-05 -5.07805e-06 -0.0034476 4.41231e-09 
99673 -85.6986 5.52946e-05 -5.0774e-06 -0.0034486 4.41026e-09 
99674 -85.6988 5.5119e-05 -5.07676e-06 -0.00344959 4.40824e-09 
99675 -85.6991 5.49469e-05 -5.07612e-06 -0.00345057 4.40622e-09 
99676 -85.6994 5.47784e-05 -5.07548e-06 -0.00345155 4.40422e-09 
99677 -85.6997 5.46133e-05 -5.07484e-06 -0.00345253 4.40223e-09 
99678 -85.7 5.44515e-05 -5.07421e-06 -0.0034535 4.40026e-09 
99679 -85.7002 5.4293e-05 -5.07359e-06 -0.00345446 4.39829e-09 
99680 -85.7005 5.41378e-05 -5.07296e-06 -0.00345543 4.39635e-09 
99681 -85.7008 5.39857e-05 -5.07234e-06 -0.00345638 4.39441e-09 
99682 -85.701 5.38367e-05 -5.07173e-06 -0.00345733 4.39249e-09 
99683 -85.7013 5.36907e-05 -5.07111e-06 -0.00345828 4.39058e-09 
99684 -85.7016 5.35476e-05 -5.0705e-06 -0.00345922 4.38868e-09 
99685 -85.7018 5.34074e-05 -5.0699e-06 -0.00346016 4.3868e-09 
99686 -85.7021 5.327e-05 -5.06929e-06 -0.00346109 4.38492e-09 
99687 -85.7023 5.31354e-05 -5.06869e-06 -0.00346202 4.38306e-09 
99688 -85.7026 5.30035e-05 -5.06809e-06 -0.00346294 4.38122e-09 
99689 -85.7029 5.28742e-05 -5.0675e-06 -0.00346386 4.37938e-09 
99690 -85.7031 5.27475e-05 -5.06691e-06 -0.00346478 4.37756e-09 
99691 -85.7034 5.26233e-05 -5.06632e-06 -0.00346569 4.37575e-09 
99692 -85.7036 5.25016e-05 -5.06574e-06 -0.00346659 4.37395e-09 
99693 -85.7039 5.23823e-05 -5.06516e-06 -0.00346749 4.37216e-09 
99694 -85.7041 5.22653e-05 -5.06458e-06 -0.00346839 4.37038e-09 
99695 -85.7044 5.21507e-05 -5.064e-06 -0.00346928 4.36862e-09 
99696 -85.7046 5.20383e-05 -5.06343e-06 -0.00347017 4.36687e-09 
99697 -85.7048 5.19281e-05 -5.06286e-06 -0.00347105 4.36512e-09 
99698 -85.7051 5.18201e-05 -5.06229e-06 -0.00347193 4.36339e-09 
99699 -85.7053 5.17143e-05 -5.06173e-06 -0.0034728 4.36168e-09 
99700 -85.7056 5.16104e-05 -5.06117e-06 -0.00347367 4.35997e-09 
99701 -85.7058 5.15087e-05 -5.06061e-06 -0.00347453 4.35827e-09 
99702 -85.706 5.14088e-05 -5.06006e-06 -0.00347539 4.35659e-09 
99703 -85.7063 5.1311e-05 -5.05951e-06 -0.00347625 4.35491e-09 
99704 -85.7065 5.1215e-05 -5.05896e-06 -0.0034771 4.35325e-09 
99705 -85.7067 5.11209e-05 -5.05842e-06 -0.00347795 4.35159e-09 
99706 -85.707 5.10286e-05 -5.05787e-06 -0.00347879 4.34995e-09 
99707 -85.7072 5.09381e-05 -5.05733e-06 -0.00347963 4.34832e-09 
99708 -85.7074 5.08493e-05 -5.0568e-06 -0.00348047 4.3467e-09 
99709 -85.7076 5.07622e-05 -5.05626e-06 -0.0034813 4.34509e-09 
99710 -85.7079 5.06768e-05 -5.05573e-06 -0.00348212 4.34349e-09 
99711 -85.7081 5.0593e-05 -5.0552e-06 -0.00348295 4.3419e-09 
99712 -85.7083 5.05108e-05 -5.05468e-06 -0.00348376 4.34031e-09 
99713 -85.7085 5.04302e-05 -5.05415e-06 -0.00348458 4.33874e-09 
99714 -85.7088 5.03511e-05 -5.05363e-06 -0.00348539 4.33718e-09 
99715 -85.709 5.02735e-05 -5.05312e-06 -0.00348619 4.33563e-09 
99716 -85.7092 5.01973e-05 -5.0526e-06 -0.003487 4.33409e-09 
99717 -85.7094 5.01226e-05 -5.05209e-06 -0.00348779 4.33256e-09 
99718 -85.7096 5.00493e-05 -5.05158e-06 -0.00348859 4.33104e-09 
99719 -85.7098 4.99774e-05 -5.05107e-06 -0.00348938 4.32953e-09 
99720 -85.71 4.99068e-05 -5.05057e-06 -0.00349016 4.32802e-09 
99721 -85.7102 4.98375e-05 -5.05007e-06 -0.00349095 4.32653e-09 
99722 -85.7105 4.97695e-05 -5.04957e-06 -0.00349172 4.32505e-09 
99723 -85.7107 4.97027e-05 -5.04907e-06 -0.0034925 4.32357e-09 
99724 -85.7109 4.96372e-05 -5.04858e-06 -0.00349327 4.32211e-09 
99725 -85.7111 4.95729e-05 -5.04809e-06 -0.00349404 4.32065e-09 
99726 -85.7113 4.95098e-05 -5.0476e-06 -0.0034948 4.3192e-09 
99727 -85.7115 4.94478e-05 -5.04711e-06 -0.00349556 4.31777e-09 
99728 -85.7117 4.93869e-05 -5.04663e-06 -0.00349631 4.31634e-09 
99729 -85.7119 4.93272e-05 -5.04615e-06 -0.00349706 4.31492e-09 
99730 -85.7121 4.92685e-05 -5.04567e-06 -0.00349781 4.31351e-09 
99731 -85.7123 4.92109e-05 -5.04519e-06 -0.00349855 4.3121e-09 
99732 -85.7125 4.91544e-05 -5.04472e-06 -0.00349929 4.31071e-09 
99733 -85.7127 4.90988e-05 -5.04425e-06 -0.00350003 4.30932e-09 
99734 -85.7129 4.90442e-05 -5.04378e-06 -0.00350076 4.30795e-09 
99735 -85.7131 4.89907e-05 -5.04331e-06 -0.00350149 4.30658e-09 
99736 -85.7132 4.8938e-05 -5.04285e-06 -0.00350222 4.30522e-09 
99737 -85.7134 4.88863e-05 -5.04238e-06 -0.00350294 4.30386e-09 
99738 -85.7136 4.88356e-05 -5.04193e-06 -0.00350365 4.30252e-09 
99739 -85.7138 4.87857e-05 -5.04147e-06 -0.00350437 4.30118e-09 
99740 -85.714 4.87366e-05 -5.04101e-06 -0.00350508 4.29986e-09 
99741 -85.7142 4.86885e-05 -5.04056e-06 -0.00350579 4.29854e-09 
99742 -85.7144 4.86412e-05 -5.04011e-06 -0.00350649 4.29723e-09 
99743 -85.7146 4.85947e-05 -5.03966e-06 -0.00350719 4.29592e-09 
99744 -85.7147 4.8549e-05 -5.03922e-06 -0.00350789 4.29463e-09 
99745 -85.7149 4.85041e-05 -5.03877e-06 -0.00350858 4.29334e-09 
99746 -85.7151 4.84599e-05 -5.03833e-06 -0.00350927 4.29206e-09 
99747 -85.7153 4.84166e-05 -5.03789e-06 -0.00350995 4.29079e-09 
99748 -85.7155 4.83739e-05 -5.03746e-06 -0.00351064 4.28952e-09 
99749 -85.7156 4.8332e-05 -5.03702e-06 -0.00351132 4.28826e-09 
99750 -85.7158 4.82908e-05 -5.03659e-06 -0.00351199 4.28701e-09 
99751 -85.716 4.82503e-05 -5.03616e-06 -0.00351266 4.28577e-09 
99752 -85.7162 4.82105e-05 -5.03573e-06 -0.00351333 4.28454e-09 
99753 -85.7163 4.81713e-05 -5.0353e-06 -0.003514 4.28331e-09 
99754 -85.7165 4.81328e-05 -5.03488e-06 -0.00351466 4.28209e-09 
99755 -85.7167 4.80949e-05 -5.03446e-06 -0.00351532 4.28087e-09 
99756 -85.7168 4.80577e-05 -5.03404e-06 -0.00351597 4.27967e-09 
99757 -85.717 4.8021e-05 -5.03362e-06 -0.00351663 4.27847e-09 
99758 -85.7172 4.7985e-05 -5.03321e-06 -0.00351727 4.27728e-09 
99759 -85.7174 4.79496e-05 -5.03279e-06 -0.00351792 4.27609e-09 
99760 -85.7175 4.79147e-05 -5.03238e-06 -0.00351856 4.27491e-09 
99761 -85.7177 4.78804e-05 -5.03197e-06 -0.0035192 4.27374e-09 
99762 -85.7178 4.78466e-05 -5.03156e-06 -0.00351984 4.27258e-09 
99763 -85.718 4.78134e-05 -5.03116e-06 -0.00352047 4.27142e-09 
99764 -85.7182 4.77808e-05 -5.03075e-06 -0.0035211 4.27027e-09 
99765 -85.7183 4.77486e-05 -5.03035e-06 -0.00352172 4.26912e-09 
99766 -85.7185 4.7717e-05 -5.02995e-06 -0.00352235 4.26799e-09 
99767 -85.7187 4.76858e-05 -5.02955e-06 -0.00352297 4.26685e-09 
99768 -85.7188 4.76551e-05 -5.02916e-06 -0.00352358 4.26573e-09 
99769 -85.719 4.7625e-05 -5.02877e-06 -0.0035242 4.26461e-09 
99770 -85.7191 4.75953e-05 -5.02837e-06 -0.00352481 4.2635e-09 
99771 -85.7193 4.7566e-05 -5.02798e-06 -0.00352542 4.26239e-09 
99772 -85.7194 4.75372e-05 -5.02759e-06 -0.00352602 4.26129e-09 
99773 -85.7196 4.75088e-05 -5.02721e-06 -0.00352662 4.2602e-09 
99774 -85.7198 4.74809e-05 -5.02682e-06 -0.00352722 4.25911e-09 
99775 -85.7199 4.74534e-05 -5.02644e-06 -0.00352781 4.25803e-09 
99776 -85.7201 4.74263e-05 -5.02606e-06 -0.00352841 4.25696e-09 
99777 -85.7202 4.73997e-05 -5.02568e-06 -0.003529 4.25589e-09 
99778 -85.7204 4.73734e-05 -5.0253e-06 -0.00352958 4.25483e-09 
99779 -85.7205 4.73475e-05 -5.02493e-06 -0.00353017 4.25377e-09 
99780 -85.7207 4.7322e-05 -5.02456e-06 -0.00353075 4.25272e-09 
99781 -85.7208 4.72969e-05 -5.02418e-06 -0.00353132 4.25168e-09 
99782 -85.721 4.72721e-05 -5.02381e-06 -0.0035319 4.25064e-09 
99783 -85.7211 4.72477e-05 -5.02345e-06 -0.00353247 4.24961e-09 
99784 -85.7213 4.72237e-05 -5.02308e-06 -0.00353304 4.24858e-09 
99785 -85.7214 4.72e-05 -5.02271e-06 -0.0035336 4.24756e-09 
99786 -85.7215 4.71766e-05 -5.02235e-06 -0.00353417 4.24654e-09 
99787 -85.7217 4.71536e-05 -5.02199e-06 -0.00353473 4.24553e-09 
99788 -85.7218 4.71309e-05 -5.02163e-06 -0.00353528 4.24453e-09 
99789 -85.722 4.71085e-05 -5.02127e-06 -0.00353584 4.24353e-09 
99790 -85.7221 4.70865e-05 -5.02091e-06 -0.00353639 4.24253e-09 
99791 -85.7223 4.70647e-05 -5.02056e-06 -0.00353694 4.24154e-09 
99792 -85.7224 4.70433e-05 -5.02021e-06 -0.00353748 4.24056e-09 
99793 -85.7225 4.70221e-05 -5.01986e-06 -0.00353803 4.23958e-09 
99794 -85.7227 4.70013e-05 -5.01951e-06 -0.00353857 4.23861e-09 
99795 -85.7228 4.69807e-05 -5.01916e-06 -0.00353911 4.23764e-09 
99796 -85.723 4.69604e-05 -5.01881e-06 -0.00353964 4.23668e-09 
99797 -85.7231 4.69404e-05 -5.01847e-06 -0.00354017 4.23573e-09 
99798 -85.7232 4.69206e-05 -5.01812e-06 -0.0035407 4.23477e-09 
99799 -85.7234 4.69011e-05 -5.01778e-06 -0.00354123 4.23383e-09 
99800 -85.7235 4.68819e-05 -5.01744e-06 -0.00354175 4.23289e-09 
99801 -85.7236 4.68629e-05 -5.0171e-06 -0.00354228 4.23195e-09 
99802 -85.7238 4.68442e-05 -5.01676e-06 -0.00354279 4.23102e-09 
99803 -85.7239 4.68257e-05 -5.01643e-06 -0.00354331 4.23009e-09 
99804 -85.724 4.68075e-05 -5.01609e-06 -0.00354382 4.22917e-09 
99805 -85.7242 4.67894e-05 -5.01576e-06 -0.00354434 4.22826e-09 
99806 -85.7243 4.67717e-05 -5.01543e-06 -0.00354484 4.22734e-09 
99807 -85.7244 4.67541e-05 -5.0151e-06 -0.00354535 4.22644e-09 
99808 -85.7245 4.67368e-05 -5.01477e-06 -0.00354585 4.22554e-09 
99809 -85.7247 4.67197e-05 -5.01444e-06 -0.00354635 4.22464e-09 
99810 -85.7248 4.67028e-05 -5.01412e-06 -0.00354685 4.22375e-09 
99811 -85.7249 4.66861e-05 -5.01379e-06 -0.00354735 4.22286e-09 
99812 -85.7251 4.66696e-05 -5.01347e-06 -0.00354784 4.22197e-09 
99813 -85.7252 4.66533e-05 -5.01315e-06 -0.00354833 4.2211e-09 
99814 -85.7253 4.66372e-05 -5.01283e-06 -0.00354882 4.22022e-09 
99815 -85.7254 4.66214e-05 -5.01251e-06 -0.00354931 4.21935e-09 
99816 -85.7256 4.66057e-05 -5.0122e-06 -0.00354979 4.21849e-09 
99817 -85.7257 4.65902e-05 -5.01188e-06 -0.00355027 4.21763e-09 
99818 -85.7258 4.65748e-05 -5.01157e-06 -0.00355075 4.21677e-09 
99819 -85.7259 4.65597e-05 -5.01125e-06 -0.00355122 4.21592e-09 
99820 -85.726 4.65447e-05 -5.01094e-06 -0.0035517 4.21507e-09 
99821 -85.7262 4.65299e-05 -5.01063e-06 -0.00355217 4.21423e-09 
99822 -85.7263 4.65153e-05 -5.01032e-06 -0.00355264 4.21339e-09 
99823 -85.7264 4.65009e-05 -5.01002e-06 -0.0035531 4.21255e-09 
99824 -85.7265 4.64866e-05 -5.00971e-06 -0.00355357 4.21172e-09 
99825 -85.7266 4.64724e-05 -5.00941e-06 -0.00355403 4.2109e-09 
99826 -85.7268 4.64585e-05 -5.0091e-06 -0.00355449 4.21007e-09 
99827 -85.7269 4.64447e-05 -5.0088e-06 -0.00355494 4.20926e-09 
99828 -85.727 4.6431e-05 -5.0085e-06 -0.0035554 4.20844e-09 
99829 -85.7271 4.64175e-05 -5.0082e-06 -0.00355585 4.20763e-09 
99830 -85.7272 4.64041e-05 -5.0079e-06 -0.0035563 4.20683e-09 
99831 -85.7273 4.63909e-05 -5.0076e-06 -0.00355675 4.20603e-09 
99832 -85.7275 4.63778e-05 -5.00731e-06 -0.00355719 4.20523e-09 
99833 -85.7276 4.63649e-05 -5.00701e-06 -0.00355763 4.20443e-09 
99834 -85.7277 4.63521e-05 -5.00672e-06 -0.00355808 4.20364e-09 
99835 -85.7278 4.63394e-05 -5.00643e-06 -0.00355851 4.20286e-09 
99836 -85.7279 4.63269e-05 -5.00614e-06 -0.00355895 4.20208e-09 
99837 -85.728 4.63145e-05 -5.00585e-06 -0.00355938 4.2013e-09 
99838 -85.7281 4.63023e-05 -5.00556e-06 -0.00355982 4.20052e-09 
99839 -85.7282 4.62901e-05 -5.00527e-06 -0.00356025 4.19975e-09 
99840 -85.7284 4.62781e-05 -5.00499e-06 -0.00356067 4.19898e-09 
99841 -85.7285 4.62662e-05 -5.0047e-06 -0.0035611 4.19822e-09 
99842 -85.7286 4.62544e-05 -5.00442e-06 -0.00356152 4.19746e-09 
99843 -85.7287 4.62428e-05 -5.00414e-06 -0.00356194 4.19671e-09 
99844 -85.7288 4.62312e-05 -5.00385e-06 -0.00356236 4.19595e-09 
99845 -85.7289 4.62198e-05 -5.00357e-06 -0.00356278 4.1952e-09 
99846 -85.729 4.62085e-05 -5.0033e-06 -0.00356319 4.19446e-09 
99847 -85.7291 4.61972e-05 -5.00302e-06 -0.0035636 4.19372e-09 
99848 -85.7292 4.61861e-05 -5.00274e-06 -0.00356401 4.19298e-09 
99849 -85.7293 4.61751e-05 -5.00246e-06 -0.00356442 4.19224e-09 
99850 -85.7294 4.61642e-05 -5.00219e-06 -0.00356483 4.19151e-09 
99851 -85.7295 4.61535e-05 -5.00192e-06 -0.00356523 4.19078e-09 
99852 -85.7296 4.61428e-05 -5.00164e-06 -0.00356563 4.19006e-09 
99853 -85.7298 4.61322e-05 -5.00137e-06 -0.00356603 4.18934e-09 
99854 -85.7299 4.61217e-05 -5.0011e-06 -0.00356643 4.18862e-09 
99855 -85.73 4.61113e-05 -5.00083e-06 -0.00356683 4.18791e-09 
99856 -85.7301 4.6101e-05 -5.00057e-06 -0.00356722 4.1872e-09 
99857 -85.7302 4.60908e-05 -5.0003e-06 -0.00356761 4.18649e-09 
99858 -85.7303 4.60806e-05 -5.00003e-06 -0.003568 4.18578e-09 
99859 -85.7304 4.60706e-05 -4.99977e-06 -0.00356839 4.18508e-09 
99860 -85.7305 4.60607e-05 -4.9995e-06 -0.00356877 4.18438e-09 
99861 -85.7306 4.60508e-05 -4.99924e-06 -0.00356916 4.18369e-09 
99862 -85.7307 4.6041e-05 -4.99898e-06 -0.00356954 4.183e-09 
99863 -85.7308 4.60314e-05 -4.99872e-06 -0.00356992 4.18231e-09 
99864 -85.7309 4.60218e-05 -4.99846e-06 -0.00357029 4.18162e-09 
99865 -85.731 4.60122e-05 -4.9982e-06 -0.00357067 4.18094e-09 
99866 -85.7311 4.60028e-05 -4.99794e-06 -0.00357104 4.18026e-09 
99867 -85.7312 4.59934e-05 -4.99768e-06 -0.00357142 4.17959e-09 
99868 -85.7313 4.59841e-05 -4.99743e-06 -0.00357179 4.17891e-09 
99869 -85.7314 4.59749e-05 -4.99717e-06 -0.00357215 4.17824e-09 
99870 -85.7315 4.59658e-05 -4.99692e-06 -0.00357252 4.17758e-09 
99871 -85.7316 4.59567e-05 -4.99667e-06 -0.00357288 4.17691e-09 
99872 -85.7317 4.59477e-05 -4.99641e-06 -0.00357325 4.17625e-09 
99873 -85.7317 4.59388e-05 -4.99616e-06 -0.00357361 4.17559e-09 
99874 -85.7318 4.593e-05 -4.99591e-06 -0.00357397 4.17494e-09 
99875 -85.7319 4.59212e-05 -4.99566e-06 -0.00357432 4.17428e-09 
99876 -85.732 4.59125e-05 -4.99542e-06 -0.00357468 4.17363e-09 
99877 -85.7321 4.59038e-05 -4.99517e-06 -0.00357503 4.17299e-09 
99878 -85.7322 4.58953e-05 -4.99492e-06 -0.00357538 4.17234e-09 
99879 -85.7323 4.58867e-05 -4.99468e-06 -0.00357573 4.1717e-09 
99880 -85.7324 4.58783e-05 -4.99443e-06 -0.00357608 4.17106e-09 
99881 -85.7325 4.58699e-05 -4.99419e-06 -0.00357642 4.17043e-09 
99882 -85.7326 4.58616e-05 -4.99395e-06 -0.00357677 4.16979e-09 
99883 -85.7327 4.58533e-05 -4.9937e-06 -0.00357711 4.16916e-09 
99884 -85.7328 4.58451e-05 -4.99346e-06 -0.00357745 4.16854e-09 
99885 -85.7329 4.5837e-05 -4.99322e-06 -0.00357779 4.16791e-09 
99886 -85.733 4.58289e-05 -4.99298e-06 -0.00357813 4.16729e-09 
99887 -85.7331 4.58209e-05 -4.99274e-06 -0.00357846 4.16667e-09 
99888 -85.7331 4.58129e-05 -4.99251e-06 -0.0035788 4.16605e-09 
99889 -85.7332 4.5805e-05 -4.99227e-06 -0.00357913 4.16544e-09 
99890 -85.7333 4.57971e-05 -4.99203e-06 -0.00357946 4.16482e-09 
99891 -85.7334 4.57893e-05 -4.9918e-06 -0.00357979 4.16421e-09 
99892 -85.7335 4.57816e-05 -4.99156e-06 -0.00358011 4.16361e-09 
99893 -85.7336 4.57739e-05 -4.99133e-06 -0.00358044 4.163e-09 
99894 -85.7337 4.57663e-05 -4.9911e-06 -0.00358076 4.1624e-09 
99895 -85.7338 4.57587e-05 -4.99087e-06 -0.00358108 4.1618e-09 
99896 -85.7339 4.57511e-05 -4.99064e-06 -0.0035814 4.1612e-09 
99897 -85.7339 4.57436e-05 -4.9904e-06 -0.00358172 4.16061e-09 
99898 -85.734 4.57362e-05 -4.99018e-06 -0.00358204 4.16002e-09 
99899 -85.7341 4.57288e-05 -4.98995e-06 -0.00358235 4.15943e-09 
99900 -85.7342 4.57214e-05 -4.98972e-06 -0.00358266 4.15884e-09 
99901 -85.7343 4.57141e-05 -4.98949e-06 -0.00358298 4.15825e-09 
99902 -85.7344 4.57069e-05 -4.98927e-06 -0.00358329 4.15767e-09 
99903 -85.7345 4.56997e-05 -4.98904e-06 -0.00358359 4.15709e-09 
99904 -85.7345 4.56925e-05 -4.98882e-06 -0.0035839 4.15651e-09 
99905 -85.7346 4.56854e-05 -4.98859e-06 -0.00358421 4.15594e-09 
99906 -85.7347 4.56783e-05 -4.98837e-06 -0.00358451 4.15536e-09 
99907 -85.7348 4.56713e-05 -4.98815e-06 -0.00358481 4.15479e-09 
99908 -85.7349 4.56643e-05 -4.98792e-06 -0.00358511 4.15422e-09 
99909 -85.735 4.56574e-05 -4.9877e-06 -0.00358541 4.15366e-09 
99910 -85.735 4.56505e-05 -4.98748e-06 -0.00358571 4.15309e-09 
99911 -85.7351 4.56436e-05 -4.98726e-06 -0.003586 4.15253e-09 
99912 -85.7352 4.56368e-05 -4.98704e-06 -0.0035863 4.15197e-09 
99913 -85.7353 4.563e-05 -4.98683e-06 -0.00358659 4.15141e-09 
99914 -85.7354 4.56233e-05 -4.98661e-06 -0.00358688 4.15085e-09 
99915 -85.7355 4.56165e-05 -4.98639e-06 -0.00358717 4.1503e-09 
99916 -85.7355 4.56099e-05 -4.98618e-06 -0.00358746 4.14975e-09 
99917 -85.7356 4.56033e-05 -4.98596e-06 -0.00358775 4.1492e-09 
99918 -85.7357 4.55967e-05 -4.98575e-06 -0.00358803 4.14865e-09 
99919 -85.7358 4.55901e-05 -4.98553e-06 -0.00358832 4.14811e-09 
99920 -85.7359 4.55836e-05 -4.98532e-06 -0.0035886 4.14756e-09 
99921 -85.7359 4.55771e-05 -4.98511e-06 -0.00358888 4.14702e-09 
99922 -85.736 4.55707e-05 -4.98489e-06 -0.00358916 4.14648e-09 
99923 -85.7361 4.55643e-05 -4.98468e-06 -0.00358944 4.14594e-09 
99924 -85.7362 4.55579e-05 -4.98447e-06 -0.00358971 4.14541e-09 
99925 -85.7363 4.55515e-05 -4.98426e-06 -0.00358999 4.14488e-09 
99926 -85.7363 4.55452e-05 -4.98405e-06 -0.00359026 4.14434e-09 
99927 -85.7364 4.5539e-05 -4.98384e-06 -0.00359053 4.14381e-09 
99928 -85.7365 4.55327e-05 -4.98364e-06 -0.0035908 4.14329e-09 
99929 -85.7366 4.55265e-05 -4.98343e-06 -0.00359107 4.14276e-09 
99930 -85.7366 4.55203e-05 -4.98322e-06 -0.00359134 4.14224e-09 
99931 -85.7367 4.55142e-05 -4.98302e-06 -0.00359161 4.14172e-09 
99932 -85.7368 4.55081e-05 -4.98281e-06 -0.00359187 4.1412e-09 
99933 -85.7369 4.5502e-05 -4.98261e-06 -0.00359213 4.14068e-09 
99934 -85.7369 4.54959e-05 -4.9824e-06 -0.0035924 4.14016e-09 
99935 -85.737 4.54899e-05 -4.9822e-06 -0.00359266 4.13965e-09 
99936 -85.7371 4.54839e-05 -4.982e-06 -0.00359292 4.13913e-09 
99937 -85.7372 4.54779e-05 -4.98179e-06 -0.00359317 4.13862e-09 
99938 -85.7373 4.5472e-05 -4.98159e-06 -0.00359343 4.13811e-09 
99939 -85.7373 4.54661e-05 -4.98139e-06 -0.00359369 4.13761e-09 
99940 -85.7374 4.54602e-05 -4.98119e-06 -0.00359394 4.1371e-09 
99941 -85.7375 4.54544e-05 -4.98099e-06 -0.00359419 4.1366e-09 
99942 -85.7375 4.54486e-05 -4.98079e-06 -0.00359444 4.1361e-09 
99943 -85.7376 4.54428e-05 -4.98059e-06 -0.00359469 4.1356e-09 
99944 -85.7377 4.5437e-05 -4.98039e-06 -0.00359494 4.1351e-09 
99945 -85.7378 4.54312e-05 -4.9802e-06 -0.00359519 4.1346e-09 
99946 -85.7378 4.54255e-05 -4.98e-06 -0.00359544 4.13411e-09 
99947 -85.7379 4.54198e-05 -4.9798e-06 -0.00359568 4.13361e-09 
99948 -85.738 4.54142e-05 -4.97961e-06 -0.00359592 4.13312e-09 
99949 -85.7381 4.54085e-05 -4.97941e-06 -0.00359617 4.13263e-09 
99950 -85.7381 4.54029e-05 -4.97922e-06 -0.00359641 4.13214e-09 
99951 -85.7382 4.53973e-05 -4.97902e-06 -0.00359665 4.13166e-09 
99952 -85.7383 4.53918e-05 -4.97883e-06 -0.00359688 4.13117e-09 
99953 -85.7384 4.53862e-05 -4.97864e-06 -0.00359712 4.13069e-09 
99954 -85.7384 4.53807e-05 -4.97844e-06 -0.00359736 4.1302e-09 
99955 -85.7385 4.53752e-05 -4.97825e-06 -0.00359759 4.12972e-09 
99956 -85.7386 4.53698e-05 -4.97806e-06 -0.00359782 4.12925e-09 
99957 -85.7386 4.53643e-05 -4.97787e-06 -0.00359806 4.12877e-09 
99958 -85.7387 4.53589e-05 -4.97768e-06 -0.00359829 4.12829e-09 
99959 -85.7388 4.53535e-05 -4.97749e-06 -0.00359852 4.12782e-09 
99960 -85.7389 4.53481e-05 -4.9773e-06 -0.00359875 4.12735e-09 
99961 -85.7389 4.53428e-05 -4.97711e-06 -0.00359897 4.12687e-09 
99962 -85.739 4.53375e-05 -4.97692e-06 -0.0035992 4.12641e-09 
99963 -85.7391 4.53321e-05 -4.97673e-06 -0.00359942 4.12594e-09 
99964 -85.7391 4.53269e-05 -4.97655e-06 -0.00359965 4.12547e-09 
99965 -85.7392 4.53216e-05 -4.97636e-06 -0.00359987 4.12501e-09 
99966 -85.7393 4.53163e-05 -4.97617e-06 -0.00360009 4.12454e-09 
99967 -85.7393 4.53111e-05 -4.97599e-06 -0.00360031 4.12408e-09 
99968 -85.7394 4.53059e-05 -4.9758e-06 -0.00360053 4.12362e-09 
99969 -85.7395 4.53007e-05 -4.97562e-06 -0.00360075 4.12316e-09 
99970 -85.7395 4.52956e-05 -4.97543e-06 -0.00360096 4.1227e-09 
99971 -85.7396 4.52904e-05 -4.97525e-06 -0.00360118 4.12224e-09 
99972 -85.7397 4.52853e-05 -4.97507e-06 -0.00360139 4.12179e-09 
99973 -85.7397 4.52802e-05 -4.97488e-06 -0.0036016 4.12134e-09 
99974 -85.7398 4.52751e-05 -4.9747e-06 -0.00360182 4.12088e-09 
99975 -85.7399 4.52701e-05 -4.97452e-06 -0.00360203 4.12043e-09 
99976 -85.7399 4.5265e-05 -4.97434e-06 -0.00360224 4.11998e-09 
99977 -85.74 4.526e-05 -4.97416e-06 -0.00360245 4.11954e-09 
99978 -85.7401 4.5255e-05 -4.97398e-06 -0.00360265 4.11909e-09 
99979 -85.7401 4.525e-05 -4.9738e-06 -0.00360286 4.11864e-09 
99980 -85.7402 4.5245e-05 -4.97362e-06 -0.00360306 4.1182e-09 
99981 -85.7403 4.52401e-05 -4.97344e-06 -0.00360327 4.11776e-09 
99982 -85.7403 4.52351e-05 -4.97326e-06 -0.00360347 4.11731e-09 
99983 -85.7404 4.52302e-05 -4.97308e-06 -0.00360367 4.11687e-09 
99984 -85.7405 4.52253e-05 -4.9729e-06 -0.00360387 4.11643e-09 
99985 -85.7405 4.52204e-05 -4.97272e-06 -0.00360407 4.116e-09 
99986 -85.7406 4.52156e-05 -4.97255e-06 -0.00360427 4.11556e-09 
99987 -85.7407 4.52107e-05 -4.97237e-06 -0.00360447 4.11513e-09 
99988 -85.7407 4.52059e-05 -4.97219e-06 -0.00360467 4.11469e-09 
99989 -85.7408 4.52011e-05 -4.97202e-06 -0.00360486 4.11426e-09 
99990 -85.7409 4.51963e-05 -4.97184e-06 -0.00360506 4.11383e-09 
99991 -85.7409 4.51915e-05 -4.97167e-06 -0.00360525 4.1134e-09 
99992 -85.741 4.51867e-05 -4.97149e-06 -0.00360544 4.11297e-09 
99993 -85.7411 4.5182e-05 -4.97132e-06 -0.00360563 4.11254e-09 
99994 -85.7411 4.51772e-05 -4.97115e-06 -0.00360582 4.11211e-09 
99995 -85.7412 4.51725e-05 -4.97097e-06 -0.00360601 4.11169e-09 
99996 -85.7413 4.51678e-05 -4.9708e-06 -0.0036062 4.11126e-09 
99997 -85.7413 4.51631e-05 -4.97063e-06 -0.00360639 4.11084e-09 
99998 -85.7414 4.51584e-05 -4.97046e-06 -0.00360657 4.11042e-09 
99999 -85.7414 4.51538e-05 -4.97028e-06 -0.00360676 4.11e-09 
